180306012	2018-09-12 13:26:15	101	0	1	0
180306012	2018-09-12 13:26:19	101	0	1	0
180306012	2018-09-12 14:16:15	101	0	1	0
180306012	2018-09-12 14:16:18	101	0	1	0
160602004	2018-09-12 19:23:24	101	0	1	0
160602004	2018-09-12 20:19:35	101	0	1	0
180306012	2018-09-12 20:26:19	101	0	1	0
171101011	2018-09-12 20:27:20	101	0	1	0
161201010	2018-09-12 20:30:24	101	0	1	0
180401014	2018-09-12 20:47:42	101	0	1	0
180504013	2018-09-12 21:13:41	101	0	1	0
160101002	2018-09-12 21:15:08	101	0	1	0
160101002	2018-09-13 10:10:08	101	0	1	0
160602004	2018-09-13 10:23:08	101	0	1	0
171101011	2018-09-13 10:33:36	101	0	1	0
161201010	2018-09-13 10:42:41	101	0	1	0
180306012	2018-09-13 10:55:04	101	0	1	0
180504013	2018-09-13 10:59:34	101	0	1	0
160602004	2018-09-13 11:54:54	101	0	1	0
160602004	2018-09-13 17:18:37	101	0	1	0
160602004	2018-09-13 18:24:56	101	0	1	0
180504013	2018-09-13 19:37:09	101	0	1	0
171101011	2018-09-13 19:57:37	101	0	1	0
161201010	2018-09-13 20:06:07	101	0	1	0
180306012	2018-09-13 20:14:35	101	0	1	0
180401014	2018-09-13 20:41:31	101	0	1	0
160101002	2018-09-13 21:11:52	101	0	1	0
180401014	2018-09-14 10:20:10	101	0	1	0
160101002	2018-09-14 10:20:19	101	0	1	0
171101011	2018-09-14 10:34:18	101	0	1	0
180504013	2018-09-14 10:34:37	101	0	1	0
180306012	2018-09-14 10:58:23	101	0	1	0
160602004	2018-09-14 11:16:04	101	0	1	0
180504013	2018-09-14 11:23:58	101	0	1	0
160101002	2018-09-14 11:23:59	101	0	1	0
160101002	2018-09-14 11:36:17	101	0	1	0
180504013	2018-09-14 11:36:21	101	0	1	0
161201010	2018-09-14 11:36:23	101	0	1	0
160602004	2018-09-14 12:42:44	101	0	1	0
180504013	2018-09-14 17:58:27	101	0	1	0
180504013	2018-09-14 18:14:44	101	0	1	0
180306012	2018-09-14 19:18:34	101	0	1	0
160602004	2018-09-14 19:27:44	101	0	1	0
171101011	2018-09-14 19:47:54	101	0	1	0
160602004	2018-09-14 20:53:56	101	0	1	0
161201010	2018-09-14 21:09:08	101	0	1	0
180401014	2018-09-14 21:18:35	101	0	1	0
160101002	2018-09-14 21:28:30	101	0	1	0
180504013	2018-09-14 21:28:36	101	0	1	0
160101002	2018-09-15 09:58:44	101	0	1	0
180401014	2018-09-15 10:00:52	101	0	1	0
171101011	2018-09-15 10:34:10	101	0	1	0
161201010	2018-09-15 10:48:27	101	0	1	0
180306012	2018-09-15 10:48:31	101	0	1	0
180504013	2018-09-15 11:06:51	101	0	1	0
160602004	2018-09-15 11:20:11	101	0	1	0
160602004	2018-09-15 12:39:23	101	0	1	0
160101002	2018-09-15 15:33:05	101	0	1	0
180504013	2018-09-15 15:33:09	101	0	1	0
160101002	2018-09-15 15:49:56	101	0	1	0
180504013	2018-09-15 15:49:58	101	0	1	0
180504013	2018-09-15 15:49:59	101	0	1	0
180504013	2018-09-15 15:50:03	101	0	1	0
171101011	2018-09-15 19:20:45	101	0	1	0
180306012	2018-09-15 19:24:47	101	0	1	0
160602004	2018-09-15 19:34:17	101	0	1	0
160602004	2018-09-15 19:34:21	101	0	1	0
160602004	2018-09-15 19:34:24	101	0	1	0
160602004	2018-09-15 20:52:02	101	0	1	0
161201010	2018-09-15 21:01:06	101	0	1	0
180401014	2018-09-15 21:04:49	101	0	1	0
160101002	2018-09-15 21:48:58	101	0	1	0
180504013	2018-09-15 21:50:25	101	0	1	0
160101002	2018-09-17 10:12:12	101	0	1	0
180504013	2018-09-17 10:20:18	101	0	1	0
171101011	2018-09-17 10:34:32	101	0	1	0
180306012	2018-09-17 11:22:20	101	0	1	0
161201010	2018-09-17 11:29:46	101	0	1	0
160101002	2018-09-17 11:36:15	101	0	1	0
180504013	2018-09-17 11:36:17	101	0	1	0
180504013	2018-09-17 11:52:05	101	0	1	0
160101002	2018-09-17 11:52:08	101	0	1	0
180401014	2018-09-17 16:45:08	101	0	1	0
160602004	2018-09-17 19:14:52	101	0	1	0
180306012	2018-09-17 19:40:57	101	0	1	0
180504013	2018-09-17 20:01:19	101	0	1	0
171101011	2018-09-17 20:01:58	101	0	1	0
161201010	2018-09-17 20:31:51	101	0	1	0
160602004	2018-09-17 20:41:58	101	0	1	0
180401014	2018-09-17 21:17:20	101	0	1	0
160101002	2018-09-17 22:07:07	101	0	1	0
160101002	2018-09-18 10:03:10	101	0	1	0
180401014	2018-09-18 10:07:11	101	0	1	0
180504013	2018-09-18 10:09:08	101	0	1	0
160602004	2018-09-18 10:25:35	101	0	1	0
171101011	2018-09-18 10:36:28	101	0	1	0
180306012	2018-09-18 11:08:32	101	0	1	0
160602004	2018-09-18 11:46:25	101	0	1	0
161201010	2018-09-18 13:06:47	101	0	1	0
180306012	2018-09-18 19:52:31	101	0	1	0
171101011	2018-09-18 20:58:22	101	0	1	0
161201010	2018-09-18 21:03:29	101	0	1	0
180401014	2018-09-18 21:07:02	101	0	1	0
180504013	2018-09-18 21:26:24	101	0	1	0
160101002	2018-09-18 21:26:32	101	0	1	0
180401014	2018-09-19 10:14:08	101	0	1	0
180504013	2018-09-19 10:22:02	101	0	1	0
171101011	2018-09-19 10:35:14	101	0	1	0
180306012	2018-09-19 10:54:01	101	0	1	0
160602004	2018-09-19 11:27:31	101	0	1	0
161201010	2018-09-19 11:27:40	101	0	1	0
160101002	2018-09-19 12:32:43	101	0	1	0
180504013	2018-09-19 12:32:46	101	0	1	0
180504013	2018-09-19 12:46:58	101	0	1	0
160101002	2018-09-19 12:47:00	101	0	1	0
160602004	2018-09-19 13:43:28	101	0	1	0
180306012	2018-09-19 19:21:20	101	0	1	0
160602004	2018-09-19 19:44:12	101	0	1	0
171101011	2018-09-19 20:36:05	101	0	1	0
180504013	2018-09-19 20:37:00	101	0	1	0
180401014	2018-09-19 21:03:38	101	0	1	0
161201010	2018-09-19 21:04:52	101	0	1	0
160602004	2018-09-19 21:12:51	101	0	1	0
160101002	2018-09-19 21:36:30	101	0	1	0
160101002	2018-09-20 10:06:56	101	0	1	0
180401014	2018-09-20 10:07:02	101	0	1	0
160602004	2018-09-20 10:18:22	101	0	1	0
180504013	2018-09-20 10:22:43	101	0	1	0
180306012	2018-09-20 10:43:55	101	0	1	0
171101011	2018-09-20 10:43:59	101	0	1	0
161201010	2018-09-20 11:14:06	101	0	1	0
161201010	2018-09-20 11:14:07	101	0	1	0
161201010	2018-09-20 11:14:09	101	0	1	0
160602004	2018-09-20 11:39:46	101	0	1	0
160101002	2018-09-20 15:51:28	101	0	1	0
180504013	2018-09-20 15:51:32	101	0	1	0
180504013	2018-09-20 16:05:21	101	0	1	0
160602004	2018-09-20 17:19:03	101	0	1	0
160602004	2018-09-20 18:47:51	101	0	1	0
180504013	2018-09-20 20:04:32	101	0	1	0
171101011	2018-09-20 20:40:38	101	0	1	0
161201010	2018-09-20 20:40:46	101	0	1	0
180401014	2018-09-20 20:50:35	101	0	1	0
180306012	2018-09-20 20:54:46	101	0	1	0
160101002	2018-09-20 20:58:01	101	0	1	0
160101002	2018-09-21 10:01:08	101	0	1	0
180401014	2018-09-21 10:10:52	101	0	1	0
180504013	2018-09-21 10:15:36	101	0	1	0
171101011	2018-09-21 10:35:36	101	0	1	0
180306012	2018-09-21 10:47:57	101	0	1	0
160602004	2018-09-21 11:13:45	101	0	1	0
161201010	2018-09-21 11:13:51	101	0	1	0
160101002	2018-09-21 11:30:16	101	0	1	0
180504013	2018-09-21 11:30:19	101	0	1	0
160101002	2018-09-21 11:49:26	101	0	1	0
180504013	2018-09-21 11:49:30	101	0	1	0
160602004	2018-09-21 12:31:49	101	0	1	0
180504013	2018-09-21 14:35:13	101	0	1	0
180504013	2018-09-21 14:50:40	101	0	1	0
160602004	2018-09-21 15:59:58	101	0	1	0
160602004	2018-09-21 17:23:43	101	0	1	0
180306012	2018-09-21 20:00:05	101	0	1	0
180306012	2018-09-21 20:00:07	101	0	1	0
180306012	2018-09-21 20:00:12	101	0	1	0
171101011	2018-09-21 20:58:34	101	0	1	0
180401014	2018-09-21 21:01:09	101	0	1	0
161201010	2018-09-21 21:58:11	101	0	1	0
180504013	2018-09-21 22:22:26	101	0	1	0
160101002	2018-09-21 22:22:38	101	0	1	0
180504013	2018-09-22 09:23:38	101	0	1	0
160101002	2018-09-22 09:24:02	101	0	1	0
171101011	2018-09-22 09:44:47	101	0	1	0
180401014	2018-09-22 10:06:26	101	0	1	0
161201010	2018-09-22 10:45:29	101	0	1	0
180306012	2018-09-22 10:45:37	101	0	1	0
160602004	2018-09-22 11:50:31	101	0	1	0
160602004	2018-09-22 13:33:34	101	0	1	0
160101002	2018-09-22 16:22:28	101	0	1	0
180504013	2018-09-22 16:22:31	101	0	1	0
180504013	2018-09-22 16:37:43	101	0	1	0
160101002	2018-09-22 16:37:46	101	0	1	0
171101011	2018-09-22 19:52:37	101	0	1	0
161201010	2018-09-22 20:03:50	101	0	1	0
180306012	2018-09-22 20:23:04	101	0	1	0
180306012	2018-09-22 20:23:05	101	0	1	0
180306012	2018-09-22 20:23:09	101	0	1	0
180401014	2018-09-22 21:01:07	101	0	1	0
160101002	2018-09-22 21:06:01	101	0	1	0
180504013	2018-09-22 21:07:00	101	0	1	0
160101002	2018-09-24 10:17:31	101	0	1	0
171101011	2018-09-24 10:25:21	101	0	1	0
180401014	2018-09-24 10:25:58	101	0	1	0
180306012	2018-09-24 10:39:10	101	0	1	0
161201010	2018-09-24 11:11:19	101	0	1	0
160602004	2018-09-24 19:15:21	101	0	1	0
171101011	2018-09-24 19:31:56	101	0	1	0
180306012	2018-09-24 20:01:45	101	0	1	0
160602004	2018-09-24 20:28:34	101	0	1	0
180401014	2018-09-24 20:38:16	101	0	1	0
161201010	2018-09-24 20:40:48	101	0	1	0
180401014	2018-09-24 20:41:06	101	0	1	0
160101002	2018-09-24 21:19:46	101	0	1	0
180401014	2018-09-25 10:10:20	101	0	1	0
160101002	2018-09-25 10:10:56	101	0	1	0
160602004	2018-09-25 10:23:07	101	0	1	0
171101011	2018-09-25 10:40:26	101	0	1	0
180306012	2018-09-25 10:56:56	101	0	1	0
161201010	2018-09-25 11:04:58	101	0	1	0
160602004	2018-09-25 11:33:28	101	0	1	0
161201010	2018-09-25 17:18:06	101	0	1	0
160602004	2018-09-25 17:22:02	101	0	1	0
160602004	2018-09-25 18:54:44	101	0	1	0
180306012	2018-09-25 19:10:42	101	0	1	0
171101011	2018-09-25 19:43:37	101	0	1	0
180401014	2018-09-25 20:57:32	101	0	1	0
160101002	2018-09-25 21:25:37	101	0	1	0
180401014	2018-09-26 10:12:04	101	0	1	0
160101002	2018-09-26 10:35:36	101	0	1	0
171101011	2018-09-26 10:39:56	101	0	1	0
180306012	2018-09-26 10:43:31	101	0	1	0
161201010	2018-09-26 11:24:02	101	0	1	0
171101011	2018-09-26 17:15:37	101	0	1	0
160602004	2018-09-26 19:24:35	101	0	1	0
180306012	2018-09-26 19:32:02	101	0	1	0
161201010	2018-09-26 20:18:16	101	0	1	0
160602004	2018-09-26 20:58:21	101	0	1	0
180401014	2018-09-26 21:00:16	101	0	1	0
160101002	2018-09-26 21:28:20	101	0	1	0
180504013	2018-09-27 10:05:52	101	0	1	0
160101002	2018-09-27 10:06:25	101	0	1	0
180401014	2018-09-27 10:08:03	101	0	1	0
160602004	2018-09-27 10:23:27	101	0	1	0
180306012	2018-09-27 10:45:56	101	0	1	0
161201010	2018-09-27 11:07:20	101	0	1	0
160602004	2018-09-27 11:22:46	101	0	1	0
180504013	2018-09-27 13:14:59	101	0	1	0
180504013	2018-09-27 13:32:51	101	0	1	0
180504013	2018-09-27 16:30:38	101	0	1	0
180504013	2018-09-27 16:52:36	101	0	1	0
160602004	2018-09-27 17:17:47	101	0	1	0
160602004	2018-09-27 18:45:58	101	0	1	0
180306012	2018-09-27 19:00:09	101	0	1	0
180306012	2018-09-27 19:00:10	101	0	1	0
180306012	2018-09-27 19:00:12	101	0	1	0
160101002	2018-09-27 19:26:37	101	0	1	0
180504013	2018-09-27 19:26:51	101	0	1	0
160101002	2018-09-27 19:59:10	101	0	1	0
161201010	2018-09-27 20:08:57	101	0	1	0
180401014	2018-09-27 20:31:30	101	0	1	0
160101002	2018-09-27 21:04:49	101	0	1	0
160101002	2018-09-28 10:23:01	101	0	1	0
180306012	2018-09-28 10:23:27	101	0	1	0
180504013	2018-09-28 10:43:23	101	0	1	0
171101011	2018-09-28 10:43:28	101	0	1	0
180401014	2018-09-28 10:44:12	101	0	1	0
161201010	2018-09-28 11:02:00	101	0	1	0
160602004	2018-09-28 11:19:56	101	0	1	0
160602004	2018-09-28 13:27:53	101	0	1	0
180504013	2018-09-28 15:27:57	101	0	1	0
180504013	2018-09-28 15:49:51	101	0	1	0
160602004	2018-09-28 15:59:56	101	0	1	0
160602004	2018-09-28 17:32:15	101	0	1	0
160602004	2018-09-28 17:42:10	101	0	1	0
160602004	2018-09-28 18:51:10	101	0	1	0
180306012	2018-09-28 18:55:03	101	0	1	0
171101011	2018-09-28 19:44:49	101	0	1	0
161201010	2018-09-28 20:23:58	101	0	1	0
180401014	2018-09-28 20:53:00	101	0	1	0
160101002	2018-09-28 21:03:08	101	0	1	0
180504013	2018-09-28 21:03:12	101	0	1	0
160101002	2018-09-29 09:16:27	101	0	1	0
171101011	2018-09-29 09:40:17	101	0	1	0
180504013	2018-09-29 10:11:13	101	0	1	0
161201010	2018-09-29 10:49:28	101	0	1	0
160602004	2018-09-29 11:20:41	101	0	1	0
160101002	2018-09-29 11:40:12	101	0	1	0
180504013	2018-09-29 11:40:18	101	0	1	0
160101002	2018-09-29 12:10:27	101	0	1	0
180504013	2018-09-29 12:10:34	101	0	1	0
180504013	2018-09-29 12:11:01	101	0	1	0
160602004	2018-09-29 13:20:23	101	0	1	0
171101011	2018-09-29 19:21:43	101	0	1	0
161201010	2018-09-29 20:18:22	101	0	1	0
180504013	2018-09-29 21:50:52	101	0	1	0
160101002	2018-09-29 21:51:18	101	0	1	0
160101002	2018-10-01 10:19:34	101	0	1	0
180306012	2018-10-01 10:22:22	101	0	1	0
180504013	2018-10-01 10:45:44	101	0	1	0
161201010	2018-10-01 11:03:37	101	0	1	0
160101002	2018-10-01 11:42:25	101	0	1	0
180504013	2018-10-01 11:42:28	101	0	1	0
160101002	2018-10-01 11:55:40	101	0	1	0
180504013	2018-10-01 11:55:42	101	0	1	0
160602004	2018-10-01 19:19:34	101	0	1	0
180306012	2018-10-01 19:34:25	101	0	1	0
161201010	2018-10-01 20:22:19	101	0	1	0
161201010	2018-10-01 20:22:20	101	0	1	0
161201010	2018-10-01 20:22:22	101	0	1	0
160602004	2018-10-01 20:54:51	101	0	1	0
180504013	2018-10-01 20:58:06	101	0	1	0
160101002	2018-10-01 21:46:41	101	0	1	0
160101002	2018-10-02 10:17:28	101	0	1	0
180504013	2018-10-02 10:22:11	101	0	1	0
160602004	2018-10-02 10:31:27	101	0	1	0
180306012	2018-10-02 10:34:36	101	0	1	0
161201010	2018-10-02 11:08:27	101	0	1	0
160101002	2018-10-02 11:13:05	101	0	1	0
180504013	2018-10-02 11:13:08	101	0	1	0
171101011	2018-10-02 11:26:34	101	0	1	0
180504013	2018-10-02 11:37:34	101	0	1	0
160101002	2018-10-02 11:37:37	101	0	1	0
160602004	2018-10-02 11:52:14	101	0	1	0
180306012	2018-10-02 14:06:30	101	0	1	0
180306012	2018-10-02 14:18:06	101	0	1	0
160602004	2018-10-02 17:23:41	101	0	1	0
160602004	2018-10-02 19:01:47	101	0	1	0
160602004	2018-10-02 19:15:54	101	0	1	0
180504013	2018-10-02 19:53:57	101	0	1	0
180306012	2018-10-02 19:54:14	101	0	1	0
160602004	2018-10-02 20:27:35	101	0	1	0
161201010	2018-10-02 21:06:38	101	0	1	0
160101002	2018-10-02 21:52:53	101	0	1	0
171101011	2018-10-03 10:33:18	101	0	1	0
180504013	2018-10-03 10:34:11	101	0	1	0
180306012	2018-10-03 10:43:47	101	0	1	0
180504013	2018-10-03 10:45:01	101	0	1	0
161201010	2018-10-03 10:54:10	101	0	1	0
180504013	2018-10-03 10:57:20	101	0	1	0
160101002	2018-10-03 14:58:18	101	0	1	0
180504013	2018-10-03 14:58:20	101	0	1	0
180504013	2018-10-03 15:12:43	101	0	1	0
160101002	2018-10-03 15:12:46	101	0	1	0
180306012	2018-10-03 15:19:00	101	0	1	0
180306012	2018-10-03 15:32:58	101	0	1	0
160602004	2018-10-03 19:13:37	101	0	1	0
180504013	2018-10-03 19:38:24	101	0	1	0
171101011	2018-10-03 19:52:10	101	0	1	0
180306012	2018-10-03 20:20:37	101	0	1	0
161201010	2018-10-03 20:25:51	101	0	1	0
161201010	2018-10-03 20:25:52	101	0	1	0
161201010	2018-10-03 20:25:55	101	0	1	0
160602004	2018-10-03 20:36:33	101	0	1	0
160101002	2018-10-03 21:26:56	101	0	1	0
180504013	2018-10-04 10:19:38	101	0	1	0
160602004	2018-10-04 10:20:33	101	0	1	0
160101002	2018-10-04 10:21:07	101	0	1	0
171101011	2018-10-04 10:35:18	101	0	1	0
180306012	2018-10-04 10:38:01	101	0	1	0
160101002	2018-10-04 11:00:52	101	0	1	0
180504013	2018-10-04 11:00:55	101	0	1	0
161201010	2018-10-04 11:05:43	101	0	1	0
160101002	2018-10-04 11:21:55	101	0	1	0
180504013	2018-10-04 11:21:58	101	0	1	0
160602004	2018-10-04 11:31:33	101	0	1	0
180306012	2018-10-04 13:50:52	101	0	1	0
180306012	2018-10-04 14:09:17	101	0	1	0
160602004	2018-10-04 17:12:12	101	0	1	0
160602004	2018-10-04 18:39:17	101	0	1	0
160602004	2018-10-04 19:21:45	101	0	1	0
180306012	2018-10-04 19:47:02	101	0	1	0
171101011	2018-10-04 20:16:30	101	0	1	0
161201010	2018-10-04 20:22:20	101	0	1	0
161201010	2018-10-04 20:22:21	101	0	1	0
161201010	2018-10-04 20:22:29	101	0	1	0
160602004	2018-10-04 20:59:27	101	0	1	0
180504013	2018-10-04 22:37:19	101	0	1	0
160101002	2018-10-04 22:37:56	101	0	1	0
160101002	2018-10-05 10:23:20	101	0	1	0
180504013	2018-10-05 10:36:58	101	0	1	0
171101011	2018-10-05 10:37:01	101	0	1	0
180306012	2018-10-05 10:37:49	101	0	1	0
161201010	2018-10-05 11:14:57	101	0	1	0
160602004	2018-10-05 11:24:50	101	0	1	0
160602004	2018-10-05 12:38:24	101	0	1	0
160602004	2018-10-05 16:02:20	101	0	1	0
160602004	2018-10-05 17:22:31	101	0	1	0
160602004	2018-10-05 17:34:56	101	0	1	0
160602004	2018-10-05 18:56:47	101	0	1	0
180306012	2018-10-05 19:22:18	101	0	1	0
171101011	2018-10-05 20:41:44	101	0	1	0
161201010	2018-10-05 20:52:32	101	0	1	0
180504013	2018-10-05 20:55:13	101	0	1	0
160101002	2018-10-05 22:03:49	101	0	1	0
160101002	2018-10-06 09:13:26	101	0	1	0
171101011	2018-10-06 09:40:36	101	0	1	0
180504013	2018-10-06 10:33:45	101	0	1	0
180306012	2018-10-06 10:37:26	101	0	1	0
161201010	2018-10-06 11:01:57	101	0	1	0
160602004	2018-10-06 11:38:02	101	0	1	0
160602004	2018-10-06 12:45:56	101	0	1	0
180504013	2018-10-06 16:48:11	101	0	1	0
180504013	2018-10-06 17:02:23	101	0	1	0
160602004	2018-10-06 18:42:53	101	0	1	0
160602004	2018-10-06 18:42:55	101	0	1	0
171101011	2018-10-06 19:01:08	101	0	1	0
180306012	2018-10-06 19:07:18	101	0	1	0
160101002	2018-10-06 19:45:35	101	0	1	0
161201010	2018-10-06 21:19:45	101	0	1	0
180504013	2018-10-06 21:50:31	101	0	1	0
171101011	2018-10-08 10:24:19	101	0	1	0
160101002	2018-10-08 10:24:49	101	0	1	0
180306012	2018-10-08 10:41:05	101	0	1	0
161201010	2018-10-08 10:55:06	101	0	1	0
171101011	2018-10-08 18:07:31	101	0	1	0
160602004	2018-10-08 19:18:41	101	0	1	0
180306012	2018-10-08 19:43:43	101	0	1	0
161201010	2018-10-08 20:46:27	101	0	1	0
160602004	2018-10-08 20:49:34	101	0	1	0
160101002	2018-10-08 21:49:16	101	0	1	0
160101002	2018-10-09 10:02:31	101	0	1	0
160602004	2018-10-09 10:30:20	101	0	1	0
180306012	2018-10-09 10:31:27	101	0	1	0
180504013	2018-10-09 10:33:27	101	0	1	0
171101011	2018-10-09 10:37:54	101	0	1	0
161201010	2018-10-09 10:52:32	101	0	1	0
161201010	2018-10-09 10:52:33	101	0	1	0
161201010	2018-10-09 10:52:37	101	0	1	0
160602004	2018-10-09 11:40:25	101	0	1	0
160101002	2018-10-09 12:27:29	101	0	1	0
180504013	2018-10-09 12:27:32	101	0	1	0
160101002	2018-10-09 12:46:47	101	0	1	0
180504013	2018-10-09 12:46:51	101	0	1	0
180306012	2018-10-09 15:02:13	101	0	1	0
180306012	2018-10-09 15:17:16	101	0	1	0
160602004	2018-10-09 17:23:54	101	0	1	0
160602004	2018-10-09 18:46:29	101	0	1	0
180306012	2018-10-09 19:17:40	101	0	1	0
160602004	2018-10-09 19:26:14	101	0	1	0
180504013	2018-10-09 20:13:44	101	0	1	0
171101011	2018-10-09 20:16:08	101	0	1	0
161201010	2018-10-09 20:23:06	101	0	1	0
160602004	2018-10-09 20:41:42	101	0	1	0
160101002	2018-10-09 21:37:34	101	0	1	0
160101002	2018-10-10 10:25:24	101	0	1	0
180504013	2018-10-10 10:31:21	101	0	1	0
171101011	2018-10-10 10:41:03	101	0	1	0
180306012	2018-10-10 10:44:38	101	0	1	0
161201010	2018-10-10 11:07:18	101	0	1	0
180504013	2018-10-10 17:13:20	101	0	1	0
180504013	2018-10-10 17:26:38	101	0	1	0
180504013	2018-10-10 18:19:10	101	0	1	0
171101011	2018-10-10 19:24:30	101	0	1	0
180306012	2018-10-10 21:00:53	101	0	1	0
161201010	2018-10-10 21:10:06	101	0	1	0
161201010	2018-10-10 21:10:07	101	0	1	0
161201010	2018-10-10 21:10:10	101	0	1	0
160101002	2018-10-10 21:27:39	101	0	1	0
160101002	2018-10-11 10:05:48	101	0	1	0
180306012	2018-10-11 10:25:30	101	0	1	0
160602004	2018-10-11 10:32:39	101	0	1	0
180504013	2018-10-11 10:33:54	101	0	1	0
161201010	2018-10-11 10:40:49	101	0	1	0
171101011	2018-10-11 10:42:09	101	0	1	0
160101002	2018-10-11 10:44:39	101	0	1	0
180504013	2018-10-11 10:46:15	101	0	1	0
160101002	2018-10-11 11:00:50	101	0	1	0
180504013	2018-10-11 11:00:53	101	0	1	0
160602004	2018-10-11 11:48:08	101	0	1	0
180504013	2018-10-11 12:23:29	101	0	1	0
180504013	2018-10-11 12:41:46	101	0	1	0
160101002	2018-10-11 15:05:41	101	0	1	0
180504013	2018-10-11 15:05:44	101	0	1	0
161201010	2018-10-11 15:11:36	101	0	1	0
180504013	2018-10-11 15:29:13	101	0	1	0
160101002	2018-10-11 15:29:15	101	0	1	0
161201010	2018-10-11 15:48:58	101	0	1	0
160602004	2018-10-11 17:20:45	101	0	1	0
180504013	2018-10-11 18:18:16	101	0	1	0
180504013	2018-10-11 18:39:47	101	0	1	0
160602004	2018-10-11 18:45:41	101	0	1	0
160602004	2018-10-11 19:21:18	101	0	1	0
160602004	2018-10-11 20:30:27	101	0	1	0
180306012	2018-10-11 21:11:48	101	0	1	0
161201010	2018-10-11 21:12:54	101	0	1	0
171101011	2018-10-11 21:14:14	101	0	1	0
180504013	2018-10-11 21:46:50	101	0	1	0
160101002	2018-10-11 21:47:52	101	0	1	0
180306012	2018-10-12 09:59:04	101	0	1	0
160101002	2018-10-12 09:59:09	101	0	1	0
171101011	2018-10-12 10:06:38	101	0	1	0
161201010	2018-10-12 10:29:33	101	0	1	0
180504013	2018-10-12 10:34:24	101	0	1	0
160602004	2018-10-12 11:34:04	101	0	1	0
160602004	2018-10-12 12:58:01	101	0	1	0
160101002	2018-10-12 15:27:42	101	0	1	0
180504013	2018-10-12 15:27:44	101	0	1	0
180504013	2018-10-12 15:40:27	101	0	1	0
160101002	2018-10-12 16:49:53	101	0	1	0
180306012	2018-10-12 16:51:22	101	0	1	0
171101011	2018-10-12 20:06:28	101	0	1	0
160101002	2018-10-12 21:07:59	101	0	1	0
180504013	2018-10-12 21:08:02	101	0	1	0
160101002	2018-10-13 09:34:48	101	0	1	0
171101011	2018-10-13 09:35:00	101	0	1	0
180306012	2018-10-13 10:05:46	101	0	1	0
180504013	2018-10-13 10:34:02	101	0	1	0
160602004	2018-10-13 11:26:52	101	0	1	0
161201010	2018-10-13 11:28:55	101	0	1	0
160602004	2018-10-13 12:44:58	101	0	1	0
180504013	2018-10-13 16:16:13	101	0	1	0
180504013	2018-10-13 16:32:08	101	0	1	0
171101011	2018-10-13 18:09:47	101	0	1	0
180306012	2018-10-13 19:11:09	101	0	1	0
160602004	2018-10-13 19:14:26	101	0	1	0
160602004	2018-10-13 19:14:35	101	0	1	0
160602004	2018-10-13 19:14:42	101	0	1	0
160602004	2018-10-13 20:42:03	101	0	1	0
161201010	2018-10-13 20:49:02	101	0	1	0
160101002	2018-10-13 21:04:36	101	0	1	0
180504013	2018-10-13 21:05:17	101	0	1	0
180504013	2018-10-15 10:15:55	101	0	1	0
171101011	2018-10-15 10:16:22	101	0	1	0
180306012	2018-10-15 10:29:53	101	0	1	0
161201010	2018-10-15 11:09:57	101	0	1	0
160602004	2018-10-15 11:18:01	101	0	1	0
160602004	2018-10-15 12:53:14	101	0	1	0
180504013	2018-10-15 18:24:29	101	0	1	0
180504013	2018-10-15 18:40:09	101	0	1	0
160602004	2018-10-15 19:16:19	101	0	1	0
180306012	2018-10-15 19:27:56	101	0	1	0
171101011	2018-10-15 19:28:03	101	0	1	0
160602004	2018-10-15 20:45:46	101	0	1	0
161201010	2018-10-15 20:46:58	101	0	1	0
180504013	2018-10-15 21:26:41	101	0	1	0
171101011	2018-10-16 10:22:51	101	0	1	0
180504013	2018-10-16 10:23:03	101	0	1	0
161201010	2018-10-16 11:28:55	101	0	1	0
161201010	2018-10-16 11:28:58	101	0	1	0
161201010	2018-10-16 11:29:00	101	0	1	0
160602004	2018-10-16 17:25:26	101	0	1	0
160602004	2018-10-16 18:57:53	101	0	1	0
180306012	2018-10-16 19:13:23	101	0	1	0
160602004	2018-10-16 19:23:06	101	0	1	0
171101011	2018-10-16 19:35:00	101	0	1	0
160602004	2018-10-16 20:30:36	101	0	1	0
161201010	2018-10-16 20:40:35	101	0	1	0
180504013	2018-10-16 20:49:56	101	0	1	0
180504013	2018-10-17 10:19:17	101	0	1	0
171101011	2018-10-17 10:19:24	101	0	1	0
160602004	2018-10-17 11:23:31	101	0	1	0
161201010	2018-10-17 11:26:58	101	0	1	0
160101002	2018-10-17 11:53:39	101	0	1	0
160602004	2018-10-17 12:59:26	101	0	1	0
171101011	2018-10-17 14:53:24	101	0	1	0
160602004	2018-10-17 19:09:33	101	0	1	0
180504013	2018-10-17 19:10:32	101	0	1	0
180306012	2018-10-17 19:33:15	101	0	1	0
160602004	2018-10-17 20:31:50	101	0	1	0
161201010	2018-10-17 20:38:07	101	0	1	0
160101002	2018-10-17 21:10:04	101	0	1	0
160101002	2018-10-18 10:04:16	101	0	1	0
180306012	2018-10-18 10:17:55	101	0	1	0
180504013	2018-10-18 10:26:29	101	0	1	0
161201010	2018-10-18 11:26:36	101	0	1	0
160602004	2018-10-18 17:20:09	101	0	1	0
160602004	2018-10-18 18:41:27	101	0	1	0
160602004	2018-10-18 19:10:03	101	0	1	0
180306012	2018-10-18 19:20:16	101	0	1	0
160602004	2018-10-18 20:21:54	101	0	1	0
161201010	2018-10-18 20:39:41	101	0	1	0
160101002	2018-10-18 20:48:07	101	0	1	0
180504013	2018-10-18 20:49:56	101	0	1	0
160101002	2018-10-19 08:40:56	101	0	1	0
161201010	2018-10-19 09:30:13	101	0	1	0
180504013	2018-10-19 09:35:25	101	0	1	0
171101011	2018-10-19 09:51:02	101	0	1	0
180306012	2018-10-19 10:16:52	101	0	1	0
160602004	2018-10-19 11:29:23	101	0	1	0
160101002	2018-10-19 11:37:18	101	0	1	0
180504013	2018-10-19 11:37:24	101	0	1	0
160101002	2018-10-19 12:10:56	101	0	1	0
180504013	2018-10-19 12:10:58	101	0	1	0
160602004	2018-10-19 12:47:34	101	0	1	0
180306012	2018-10-19 18:12:03	101	0	1	0
180306012	2018-10-19 18:20:08	101	0	1	0
180306012	2018-10-19 19:36:13	101	0	1	0
161201010	2018-10-19 20:16:05	101	0	1	0
171101011	2018-10-19 20:46:40	101	0	1	0
180504013	2018-10-19 21:23:00	101	0	1	0
160101002	2018-10-19 21:23:07	101	0	1	0
160101002	2018-10-20 09:04:34	101	0	1	0
171101011	2018-10-20 09:14:48	101	0	1	0
180306012	2018-10-20 09:19:01	101	0	1	0
180504013	2018-10-20 09:39:21	101	0	1	0
160602004	2018-10-20 11:20:17	101	0	1	0
161201010	2018-10-20 11:37:44	101	0	1	0
160602004	2018-10-20 12:43:22	101	0	1	0
180306012	2018-10-20 18:59:21	101	0	1	0
160602004	2018-10-20 19:19:38	101	0	1	0
171101011	2018-10-20 20:31:56	101	0	1	0
160602004	2018-10-20 20:41:10	101	0	1	0
161201010	2018-10-20 20:58:41	101	0	1	0
160101002	2018-10-20 21:16:38	101	0	1	0
180504013	2018-10-20 21:16:41	101	0	1	0
        3	2018-10-22 20:16:21	101	0	1	0
161201010	2018-10-22 20:46:55	101	0	1	0
160602004	2018-10-22 20:53:46	101	0	1	0
160101002	2018-10-22 21:17:03	101	0	1	0
180306012	2018-10-23 10:05:53	101	0	1	0
160101002	2018-10-23 10:05:57	101	0	1	0
171101011	2018-10-23 10:19:19	101	0	1	0
180504013	2018-10-23 10:44:06	101	0	1	0
161201010	2018-10-23 11:36:16	101	0	1	0
160602004	2018-10-23 17:17:13	101	0	1	0
160602004	2018-10-23 18:56:49	101	0	1	0
160602004	2018-10-23 19:13:28	101	0	1	0
180306012	2018-10-23 19:13:55	101	0	1	0
180504013	2018-10-23 19:14:17	101	0	1	0
171101011	2018-10-23 19:33:51	101	0	1	0
160602004	2018-10-23 20:11:40	101	0	1	0
161201010	2018-10-23 20:38:28	101	0	1	0
160101002	2018-10-23 21:01:03	101	0	1	0
160101002	2018-10-24 10:01:37	101	0	1	0
171101011	2018-10-24 10:11:01	101	0	1	0
180504013	2018-10-24 10:19:01	101	0	1	0
180306012	2018-10-24 10:30:41	101	0	1	0
160602004	2018-10-24 11:15:40	101	0	1	0
161201010	2018-10-24 11:23:02	101	0	1	0
160101002	2018-10-24 11:45:43	101	0	1	0
180504013	2018-10-24 11:45:46	101	0	1	0
160101002	2018-10-24 12:06:49	101	0	1	0
180504013	2018-10-24 12:06:51	101	0	1	0
160602004	2018-10-24 12:29:13	101	0	1	0
180306012	2018-10-24 19:08:08	101	0	1	0
160602004	2018-10-24 19:23:58	101	0	1	0
171101011	2018-10-24 19:29:36	101	0	1	0
160602004	2018-10-24 20:32:13	101	0	1	0
161201010	2018-10-24 21:46:56	101	0	1	0
180504013	2018-10-24 22:14:38	101	0	1	0
160101002	2018-10-24 22:14:43	101	0	1	0
171101011	2018-10-25 10:16:25	101	0	1	0
160101002	2018-10-25 10:16:30	101	0	1	0
180504013	2018-10-25 10:17:33	101	0	1	0
180306012	2018-10-25 10:26:10	101	0	1	0
161201010	2018-10-25 11:17:05	101	0	1	0
180504013	2018-10-25 19:08:24	101	0	1	0
180306012	2018-10-25 19:10:45	101	0	1	0
171101011	2018-10-25 19:18:45	101	0	1	0
161201010	2018-10-25 20:48:30	101	0	1	0
160101002	2018-10-25 21:22:33	101	0	1	0
160101002	2018-10-26 08:47:33	101	0	1	0
171101011	2018-10-26 08:59:20	101	0	1	0
180504013	2018-10-26 09:17:19	101	0	1	0
180306012	2018-10-26 09:59:19	101	0	1	0
161201010	2018-10-26 10:25:35	101	0	1	0
160602004	2018-10-26 11:15:03	101	0	1	0
160602004	2018-10-26 12:42:16	101	0	1	0
160101002	2018-10-26 15:48:20	101	0	1	0
180504013	2018-10-26 15:48:24	101	0	1	0
160101002	2018-10-26 16:07:55	101	0	1	0
180504013	2018-10-26 16:07:57	101	0	1	0
180306012	2018-10-26 19:46:55	101	0	1	0
161201010	2018-10-26 22:00:54	101	0	1	0
171101011	2018-10-26 22:10:13	101	0	1	0
180504013	2018-10-26 22:15:27	101	0	1	0
160101002	2018-10-26 22:15:53	101	0	1	0
160101002	2018-10-27 09:07:58	101	0	1	0
171101011	2018-10-27 09:41:08	101	0	1	0
180504013	2018-10-27 10:11:38	101	0	1	0
180306012	2018-10-27 10:30:42	101	0	1	0
160602004	2018-10-27 11:22:54	101	0	1	0
161201010	2018-10-27 11:24:01	101	0	1	0
180504013	2018-10-27 11:44:28	101	0	1	0
180504013	2018-10-27 11:58:28	101	0	1	0
160602004	2018-10-27 12:40:24	101	0	1	0
160101002	2018-10-27 15:06:47	101	0	1	0
180504013	2018-10-27 15:06:52	101	0	1	0
180504013	2018-10-27 15:21:24	101	0	1	0
160101002	2018-10-27 15:21:27	101	0	1	0
180504013	2018-10-27 17:44:17	101	0	1	0
180504013	2018-10-27 18:06:57	101	0	1	0
180306012	2018-10-27 19:23:34	101	0	1	0
161201010	2018-10-27 20:32:01	101	0	1	0
180901017	2018-10-27 21:10:48	101	0	1	0
180901017	2018-10-27 21:10:56	101	0	1	0
180504013	2018-10-27 21:27:39	101	0	1	0
160101002	2018-10-27 21:27:41	101	0	1	0
171101011	2018-10-29 10:09:50	101	0	1	0
180901017	2018-10-29 10:12:13	101	0	1	0
180504013	2018-10-29 10:40:16	101	0	1	0
161201010	2018-10-29 11:07:06	101	0	1	0
160101002	2018-10-29 12:24:54	101	0	1	0
180504013	2018-10-29 20:25:02	101	0	1	0
160101002	2018-10-29 20:25:19	101	0	1	0
171101011	2018-10-29 20:25:44	101	0	1	0
161201010	2018-10-29 20:25:46	101	0	1	0
180901017	2018-10-29 20:26:06	101	0	1	0
160101002	2018-10-30 10:30:19	101	0	1	0
180306012	2018-10-30 10:30:23	101	0	1	0
180901017	2018-10-30 10:32:08	101	0	1	0
171101011	2018-10-30 10:32:25	101	0	1	0
180504013	2018-10-30 10:49:11	101	0	1	0
161201010	2018-10-30 11:47:26	101	0	1	0
160602004	2018-10-30 17:17:21	101	0	1	0
160602004	2018-10-30 18:48:51	101	0	1	0
160602004	2018-10-30 19:04:40	101	0	1	0
160602004	2018-10-30 20:23:36	101	0	1	0
161201010	2018-10-30 20:29:02	101	0	1	0
171101011	2018-10-30 20:29:04	101	0	1	0
180306012	2018-10-30 20:29:15	101	0	1	0
180504013	2018-10-30 20:29:35	101	0	1	0
180901017	2018-10-30 20:29:48	101	0	1	0
160101002	2018-10-30 20:30:01	101	0	1	0
160101002	2018-10-31 10:07:48	101	0	1	0
180306012	2018-10-31 10:16:22	101	0	1	0
180901017	2018-10-31 10:27:45	101	0	1	0
180504013	2018-10-31 10:40:25	101	0	1	0
160602004	2018-10-31 11:14:16	101	0	1	0
161201010	2018-10-31 11:16:31	101	0	1	0
160602004	2018-10-31 12:38:25	101	0	1	0
160602004	2018-10-31 17:22:10	101	0	1	0
180306012	2018-10-31 19:12:30	101	0	1	0
160602004	2018-10-31 19:13:16	101	0	1	0
180504013	2018-10-31 19:24:15	101	0	1	0
160602004	2018-10-31 19:24:33	101	0	1	0
161201010	2018-10-31 20:31:50	101	0	1	0
180901017	2018-10-31 20:57:09	101	0	1	0
160602004	2018-10-31 20:57:21	101	0	1	0
160101002	2018-10-31 21:06:28	101	0	1	0
160101002	2018-11-01 10:22:23	101	0	1	0
171101011	2018-11-01 10:24:13	101	0	1	0
180901017	2018-11-01 10:24:20	101	0	1	0
180306012	2018-11-01 10:36:27	101	0	1	0
180504013	2018-11-01 10:43:52	101	0	1	0
161201010	2018-11-01 10:53:48	101	0	1	0
161201010	2018-11-01 10:54:46	101	0	1	0
160602004	2018-11-01 17:11:32	101	0	1	0
160602004	2018-11-01 18:53:19	101	0	1	0
171101011	2018-11-01 21:17:12	101	0	1	0
180306012	2018-11-01 21:18:39	101	0	1	0
161201010	2018-11-01 21:21:33	101	0	1	0
180901017	2018-11-01 21:22:30	101	0	1	0
180504013	2018-11-01 21:41:06	101	0	1	0
160101002	2018-11-01 21:42:29	101	0	1	0
160101002	2018-11-02 08:47:13	101	0	1	0
180901017	2018-11-02 08:49:52	101	0	1	0
180504013	2018-11-02 09:07:06	101	0	1	0
171101011	2018-11-02 09:19:41	101	0	1	0
161201010	2018-11-02 09:20:51	101	0	1	0
180306012	2018-11-02 09:50:28	101	0	1	0
160602004	2018-11-02 11:16:15	101	0	1	0
160602004	2018-11-02 13:05:30	101	0	1	0
180306012	2018-11-02 19:03:20	101	0	1	0
171101011	2018-11-02 19:36:29	101	0	1	0
161201010	2018-11-02 20:47:00	101	0	1	0
180901017	2018-11-02 20:58:35	101	0	1	0
180504013	2018-11-02 21:54:07	101	0	1	0
160101002	2018-11-02 21:55:00	101	0	1	0
160101002	2018-11-03 08:51:17	101	0	1	0
180504013	2018-11-03 09:05:54	101	0	1	0
180901017	2018-11-03 09:06:54	101	0	1	0
171101011	2018-11-03 09:09:51	101	0	1	0
180306012	2018-11-03 10:12:27	101	0	1	0
160602004	2018-11-03 11:20:06	101	0	1	0
160602004	2018-11-03 12:54:27	101	0	1	0
180306012	2018-11-03 19:27:45	101	0	1	0
171101011	2018-11-03 19:49:57	101	0	1	0
180901017	2018-11-03 21:10:03	101	0	1	0
180504013	2018-11-03 21:13:02	101	0	1	0
160101002	2018-11-03 21:13:12	101	0	1	0
160101002	2018-11-06 10:54:16	101	0	1	0
161201010	2018-11-06 11:39:16	101	0	1	0
160602004	2018-11-06 17:24:10	101	0	1	0
160602004	2018-11-06 18:49:02	101	0	1	0
180306012	2018-11-06 19:06:37	101	0	1	0
180306012	2018-11-06 19:06:38	101	0	1	0
180306012	2018-11-06 19:06:39	101	0	1	0
180504013	2018-11-06 19:06:42	101	0	1	0
160602004	2018-11-06 19:11:55	101	0	1	0
171101011	2018-11-06 19:31:31	101	0	1	0
160602004	2018-11-06 20:22:06	101	0	1	0
161201010	2018-11-06 21:09:13	101	0	1	0
160101002	2018-11-06 21:16:30	101	0	1	0
171101011	2018-11-07 10:16:11	101	0	1	0
160101002	2018-11-07 10:16:19	101	0	1	0
180306012	2018-11-07 10:22:07	101	0	1	0
180901017	2018-11-07 10:26:29	101	0	1	0
180504013	2018-11-07 10:47:57	101	0	1	0
160602004	2018-11-07 11:20:57	101	0	1	0
161201010	2018-11-07 11:25:02	101	0	1	0
160602004	2018-11-07 12:42:36	101	0	1	0
160101002	2018-11-07 13:29:48	101	0	1	0
180504013	2018-11-07 13:29:51	101	0	1	0
160101002	2018-11-07 13:30:33	101	0	1	0
180504013	2018-11-07 13:30:35	101	0	1	0
160602004	2018-11-07 17:29:02	101	0	1	0
160602004	2018-11-07 19:08:35	101	0	1	0
180306012	2018-11-07 19:21:45	101	0	1	0
160602004	2018-11-07 19:29:18	101	0	1	0
180504013	2018-11-07 20:02:16	101	0	1	0
171101011	2018-11-07 20:08:50	101	0	1	0
161201010	2018-11-07 20:31:26	101	0	1	0
180901017	2018-11-07 20:59:16	101	0	1	0
160602004	2018-11-07 20:59:21	101	0	1	0
160101002	2018-11-07 21:29:21	101	0	1	0
171101011	2018-11-08 10:45:33	101	0	1	0
171101011	2018-11-08 10:45:34	101	0	1	0
171101011	2018-11-08 10:45:37	101	0	1	0
180901017	2018-11-08 10:46:38	101	0	1	0
160101002	2018-11-08 10:46:54	101	0	1	0
171101011	2018-11-08 10:56:51	101	0	1	0
180901017	2018-11-08 11:20:13	101	0	1	0
161201010	2018-11-08 11:22:39	101	0	1	0
160602004	2018-11-08 17:18:25	101	0	1	0
171101011	2018-11-08 17:53:13	101	0	1	0
160602004	2018-11-08 18:50:59	101	0	1	0
180306012	2018-11-08 19:06:34	101	0	1	0
160602004	2018-11-08 19:18:14	101	0	1	0
160602004	2018-11-08 20:27:25	101	0	1	0
161201010	2018-11-08 20:46:02	101	0	1	0
180901017	2018-11-08 20:49:03	101	0	1	0
160101002	2018-11-08 20:49:06	101	0	1	0
160101002	2018-11-09 09:01:19	101	0	1	0
180901017	2018-11-09 09:20:08	101	0	1	0
171101011	2018-11-09 09:21:55	101	0	1	0
180504013	2018-11-09 09:45:21	101	0	1	0
161201010	2018-11-09 10:20:04	101	0	1	0
180306012	2018-11-09 10:30:07	101	0	1	0
160602004	2018-11-09 11:28:12	101	0	1	0
160602004	2018-11-09 13:00:53	101	0	1	0
180306012	2018-11-09 19:04:22	101	0	1	0
171101011	2018-11-09 20:02:47	101	0	1	0
161201010	2018-11-09 20:37:31	101	0	1	0
180901017	2018-11-09 21:00:43	101	0	1	0
180504013	2018-11-09 22:03:22	101	0	1	0
160101002	2018-11-09 22:03:24	101	0	1	0
160101002	2018-11-10 09:02:18	101	0	1	0
180901017	2018-11-10 09:16:47	101	0	1	0
171101011	2018-11-10 09:22:32	101	0	1	0
180306012	2018-11-10 10:16:12	101	0	1	0
180504013	2018-11-10 10:28:29	101	0	1	0
161201010	2018-11-10 11:07:27	101	0	1	0
160602004	2018-11-10 11:20:31	101	0	1	0
161201010	2018-11-10 12:25:05	101	0	1	0
160602004	2018-11-10 13:05:24	101	0	1	0
161201010	2018-11-10 13:08:09	101	0	1	0
160602004	2018-11-10 17:00:58	101	0	1	0
160602004	2018-11-10 19:16:20	101	0	1	0
180306012	2018-11-10 19:25:21	101	0	1	0
171101011	2018-11-10 19:28:09	101	0	1	0
161201010	2018-11-10 20:42:31	101	0	1	0
180901017	2018-11-10 20:54:00	101	0	1	0
160101002	2018-11-10 21:17:07	101	0	1	0
180504013	2018-11-10 21:17:14	101	0	1	0
160101002	2018-11-12 10:29:43	101	0	1	0
171101011	2018-11-12 10:36:21	101	0	1	0
180901017	2018-11-12 10:37:07	101	0	1	0
180306012	2018-11-12 10:38:22	101	0	1	0
180504013	2018-11-12 10:46:39	101	0	1	0
161201010	2018-11-12 11:40:45	101	0	1	0
160602004	2018-11-12 17:21:05	101	0	1	0
160602004	2018-11-12 18:57:43	101	0	1	0
180306012	2018-11-12 19:23:21	101	0	1	0
171101011	2018-11-12 19:40:12	101	0	1	0
161201010	2018-11-12 20:39:02	101	0	1	0
180901017	2018-11-12 20:52:47	101	0	1	0
180504013	2018-11-12 21:12:05	101	0	1	0
160101002	2018-11-12 21:12:57	101	0	1	0
160101002	2018-11-13 11:17:20	101	0	1	0
180306012	2018-11-13 13:41:05	101	0	1	0
180306012	2018-11-13 13:47:09	101	0	1	0
160602004	2018-11-13 17:18:01	101	0	1	0
160602004	2018-11-13 18:42:17	101	0	1	0
160602004	2018-11-13 19:15:07	101	0	1	0
160602004	2018-11-13 20:19:34	101	0	1	0
180306012	2018-11-13 20:31:50	101	0	1	0
171101011	2018-11-13 20:34:55	101	0	1	0
171101011	2018-11-13 20:34:57	101	0	1	0
171101011	2018-11-13 20:34:59	101	0	1	0
161201010	2018-11-13 20:36:02	101	0	1	0
180901017	2018-11-13 20:47:22	101	0	1	0
180504013	2018-11-13 20:58:28	101	0	1	0
160101002	2018-11-13 20:58:33	101	0	1	0
171101011	2018-11-14 10:27:05	101	0	1	0
180306012	2018-11-14 10:28:52	101	0	1	0
180504013	2018-11-14 10:43:43	101	0	1	0
160101002	2018-11-14 10:44:46	101	0	1	0
161201010	2018-11-14 11:08:29	101	0	1	0
160602004	2018-11-14 11:20:49	101	0	1	0
160602004	2018-11-14 12:48:24	101	0	1	0
160602004	2018-11-14 17:24:23	101	0	1	0
160602004	2018-11-14 19:02:33	101	0	1	0
180306012	2018-11-14 19:27:33	101	0	1	0
171101011	2018-11-14 19:32:39	101	0	1	0
180504013	2018-11-14 20:30:19	101	0	1	0
161201010	2018-11-14 21:17:26	101	0	1	0
180901017	2018-11-14 22:01:32	101	0	1	0
160101002	2018-11-14 22:42:02	101	0	1	0
180306012	2018-11-15 10:35:43	101	0	1	0
160101002	2018-11-15 10:35:52	101	0	1	0
180901017	2018-11-15 10:36:08	101	0	1	0
171101011	2018-11-15 10:36:19	101	0	1	0
180504013	2018-11-15 10:47:57	101	0	1	0
161201010	2018-11-15 12:16:10	101	0	1	0
160602004	2018-11-15 19:15:13	101	0	1	0
180306012	2018-11-15 19:52:06	101	0	1	0
160602004	2018-11-15 20:27:46	101	0	1	0
161201010	2018-11-15 21:38:13	101	0	1	0
171101011	2018-11-15 21:38:16	101	0	1	0
160101002	2018-11-15 21:38:21	101	0	1	0
180504013	2018-11-15 21:38:49	101	0	1	0
160101002	2018-11-16 09:03:32	101	0	1	0
171101011	2018-11-16 09:36:09	101	0	1	0
180504013	2018-11-16 10:14:15	101	0	1	0
180306012	2018-11-16 10:26:43	101	0	1	0
161201010	2018-11-16 11:21:28	101	0	1	0
160602004	2018-11-16 11:30:07	101	0	1	0
160602004	2018-11-16 13:12:10	101	0	1	0
180306012	2018-11-16 19:09:42	101	0	1	0
171101011	2018-11-16 19:19:34	101	0	1	0
161201010	2018-11-16 20:50:46	101	0	1	0
180901017	2018-11-16 20:59:41	101	0	1	0
180504013	2018-11-16 21:55:42	101	0	1	0
160101002	2018-11-16 21:56:03	101	0	1	0
160101002	2018-11-17 09:07:03	101	0	1	0
171101011	2018-11-17 09:25:26	101	0	1	0
180306012	2018-11-17 10:05:10	101	0	1	0
180504013	2018-11-17 11:11:33	101	0	1	0
160602004	2018-11-17 11:23:53	101	0	1	0
161201010	2018-11-17 11:28:51	101	0	1	0
160602004	2018-11-17 12:48:48	101	0	1	0
160602004	2018-11-17 18:43:48	101	0	1	0
160602004	2018-11-17 18:43:52	101	0	1	0
180306012	2018-11-17 19:18:29	101	0	1	0
171101011	2018-11-17 19:24:26	101	0	1	0
180901017	2018-11-17 20:58:42	101	0	1	0
161201010	2018-11-17 21:26:08	101	0	1	0
180504013	2018-11-17 21:30:54	101	0	1	0
180504013	2018-11-19 10:33:38	101	0	1	0
171101011	2018-11-19 10:33:43	101	0	1	0
180306012	2018-11-19 10:33:45	101	0	1	0
180901017	2018-11-19 10:34:06	101	0	1	0
161201010	2018-11-19 11:45:40	101	0	1	0
160602004	2018-11-19 17:24:19	101	0	1	0
180306012	2018-11-19 19:15:36	101	0	1	0
160602004	2018-11-19 19:17:39	101	0	1	0
180504013	2018-11-19 20:01:20	101	0	1	0
161201010	2018-11-19 20:01:26	101	0	1	0
171101011	2018-11-19 20:01:31	101	0	1	0
180901017	2018-11-19 20:01:43	101	0	1	0
180504013	2018-11-20 10:44:11	101	0	1	0
171101011	2018-11-20 10:44:21	101	0	1	0
180901017	2018-11-20 10:44:50	101	0	1	0
161201010	2018-11-20 10:58:47	101	0	1	0
160602004	2018-11-20 17:36:50	101	0	1	0
160602004	2018-11-20 18:54:00	101	0	1	0
160602004	2018-11-20 19:25:35	101	0	1	0
180306012	2018-11-20 20:00:42	101	0	1	0
171101011	2018-11-20 20:19:26	101	0	1	0
180504013	2018-11-20 20:21:38	101	0	1	0
160602004	2018-11-20 20:44:31	101	0	1	0
161201010	2018-11-20 20:44:37	101	0	1	0
180901017	2018-11-20 20:58:30	101	0	1	0
160101002	2018-11-20 21:17:57	101	0	1	0
180306012	2018-11-21 11:17:51	101	0	1	0
180504013	2018-11-21 11:19:39	101	0	1	0
171101011	2018-11-21 11:19:46	101	0	1	0
180901017	2018-11-21 11:19:58	101	0	1	0
160101002	2018-11-21 11:20:01	101	0	1	0
161201010	2018-11-21 12:01:58	101	0	1	0
161201010	2018-11-21 12:01:59	101	0	1	0
161201010	2018-11-21 12:02:04	101	0	1	0
161201010	2018-11-21 12:02:06	101	0	1	0
180901017	2018-11-21 17:24:08	101	0	1	0
161201010	2018-11-21 18:11:43	101	0	1	0
180306012	2018-11-21 18:20:02	101	0	1	0
171101011	2018-11-21 20:26:20	101	0	1	0
160101002	2018-11-21 20:26:34	101	0	1	0
180504013	2018-11-21 20:26:36	101	0	1	0
160101002	2018-11-22 11:03:53	101	0	1	0
161201010	2018-11-22 11:09:33	101	0	1	0
160602004	2018-11-22 19:13:06	101	0	1	0
171101011	2018-11-22 19:33:08	101	0	1	0
180306012	2018-11-22 19:51:50	101	0	1	0
161201010	2018-11-22 20:24:52	101	0	1	0
160602004	2018-11-22 20:38:38	101	0	1	0
160101002	2018-11-22 20:53:45	101	0	1	0
180901017	2018-11-22 20:55:20	101	0	1	0
160101002	2018-11-23 08:58:49	101	0	1	0
160101002	2018-11-23 08:58:50	101	0	1	0
160101002	2018-11-23 08:58:53	101	0	1	0
180901017	2018-11-23 08:59:20	101	0	1	0
171101011	2018-11-23 09:29:54	101	0	1	0
180504013	2018-11-23 10:14:40	101	0	1	0
180306012	2018-11-23 10:18:31	101	0	1	0
161201010	2018-11-23 11:10:26	101	0	1	0
180306012	2018-11-23 19:17:14	101	0	1	0
161201010	2018-11-23 19:59:00	101	0	1	0
171101011	2018-11-23 20:28:32	101	0	1	0
180901017	2018-11-23 20:51:07	101	0	1	0
180504013	2018-11-23 20:59:34	101	0	1	0
160101002	2018-11-24 09:22:28	101	0	1	0
180901017	2018-11-24 09:35:42	101	0	1	0
171101011	2018-11-24 09:52:14	101	0	1	0
180306012	2018-11-24 10:21:02	101	0	1	0
180504013	2018-11-24 10:36:40	101	0	1	0
161201010	2018-11-24 11:23:57	101	0	1	0
160602004	2018-11-24 11:41:36	101	0	1	0
160602004	2018-11-24 13:00:00	101	0	1	0
180306012	2018-11-24 19:03:03	101	0	1	0
171101011	2018-11-24 20:04:37	101	0	1	0
180504013	2018-11-24 20:13:13	101	0	1	0
161201010	2018-11-24 20:52:42	101	0	1	0
180901017	2018-11-24 21:33:24	101	0	1	0
160101002	2018-11-24 21:52:08	101	0	1	0
        3	2018-12-06 17:36:58	101	1	1	0
171101011	2018-12-06 19:20:18	101	1	1	0
161201010	2018-12-06 20:40:44	101	1	1	0
161201010	2018-12-06 20:40:46	101	1	1	0
161201010	2018-12-06 20:40:48	101	1	1	0
180306012	2018-12-06 21:23:07	101	1	1	0
180504013	2018-12-06 21:24:03	101	1	1	0
171101011	2018-12-07 09:00:08	101	1	1	0
180504013	2018-12-07 10:12:19	101	1	1	0
161201010	2018-12-07 11:12:21	101	1	1	0
180306012	2018-12-07 11:45:26	101	1	1	0
171101011	2018-12-07 19:46:11	101	1	1	0
161201010	2018-12-07 20:59:24	101	1	1	0
160602004	2018-12-07 21:07:21	101	1	1	0
180306012	2018-12-07 21:32:25	101	1	1	0
180504013	2018-12-07 21:45:58	101	1	1	0
160101002	2018-12-07 21:46:32	101	1	1	0
160101002	2018-12-07 21:46:48	101	1	1	0
171101011	2018-12-08 09:02:43	101	1	1	0
160101002	2018-12-08 09:03:17	101	1	1	0
180504013	2018-12-08 10:57:40	101	1	1	0
161201010	2018-12-08 11:32:37	101	1	1	0
180306012	2018-12-08 11:53:50	101	1	1	0
161201010	2018-12-08 13:05:43	101	1	1	0
180504013	2018-12-08 13:23:02	101	1	1	0
180504013	2018-12-08 13:54:41	101	1	1	0
161201010	2018-12-08 14:08:49	101	1	1	0
160602004	2018-12-08 19:12:47	101	1	1	0
160602004	2018-12-08 19:13:05	101	1	1	0
160602004	2018-12-08 19:13:10	101	1	1	0
171101011	2018-12-08 19:29:02	101	1	1	0
160602004	2018-12-08 20:46:15	101	1	1	0
161201010	2018-12-08 20:52:16	101	1	1	0
180306012	2018-12-08 21:26:13	101	1	1	0
180504013	2018-12-08 21:28:23	101	1	1	0
160101002	2018-12-08 21:29:05	101	1	1	0
160101002	2018-12-10 10:39:13	101	1	1	0
180504013	2018-12-10 10:39:17	101	1	1	0
180306012	2018-12-10 10:39:19	101	1	1	0
171101011	2018-12-10 10:39:22	101	1	1	0
161201010	2018-12-10 11:22:37	101	1	1	0
160602004	2018-12-10 11:26:49	101	1	1	0
160602004	2018-12-10 12:39:50	101	1	1	0
160602004	2018-12-10 17:42:42	101	1	1	0
160602004	2018-12-10 19:05:47	101	1	1	0
180306012	2018-12-10 20:41:38	101	1	1	0
160101002	2018-12-10 21:00:53	101	1	1	0
180504013	2018-12-10 21:00:57	101	1	1	0
171101011	2018-12-10 21:00:59	101	1	1	0
161201010	2018-12-10 21:01:15	101	1	1	0
171101011	2018-12-11 10:12:37	101	1	1	0
160602004	2018-12-11 10:18:34	101	1	1	0
180504013	2018-12-11 10:53:29	101	1	1	0
161201010	2018-12-11 11:34:40	101	1	1	0
180306012	2018-12-11 11:53:47	101	1	1	0
160602004	2018-12-11 12:08:16	101	1	1	0
180306012	2018-12-11 14:15:24	101	1	1	0
180306012	2018-12-11 14:42:02	101	1	1	0
180504013	2018-12-11 18:47:01	101	1	1	0
171101011	2018-12-11 19:36:14	101	1	1	0
160602004	2018-12-11 20:41:05	101	1	1	0
160602004	2018-12-11 20:41:11	101	1	1	0
161201010	2018-12-11 20:57:50	101	1	1	0
180306012	2018-12-11 21:05:46	101	1	1	0
160101002	2018-12-11 21:45:06	101	1	1	0
160101002	2018-12-12 10:28:43	101	1	1	0
171101011	2018-12-12 10:48:02	101	1	1	0
160602004	2018-12-12 11:18:47	101	1	1	0
161201010	2018-12-12 11:34:38	101	1	1	0
160602004	2018-12-12 12:24:00	101	1	1	0
160602004	2018-12-12 17:21:00	101	1	1	0
160602004	2018-12-12 19:10:32	101	1	1	0
160602004	2018-12-12 19:17:32	101	1	1	0
171101011	2018-12-12 20:27:36	101	1	1	0
160602004	2018-12-12 20:29:50	101	1	1	0
161201010	2018-12-12 20:41:02	101	1	1	0
160101002	2018-12-12 20:55:04	101	1	1	0
160101002	2018-12-13 09:47:47	101	1	1	0
171101011	2018-12-13 09:59:27	101	1	1	0
160602004	2018-12-13 10:21:52	101	1	1	0
180504013	2018-12-13 10:59:07	101	1	1	0
160602004	2018-12-13 11:32:38	101	1	1	0
161201010	2018-12-13 11:35:58	101	1	1	0
180306012	2018-12-13 11:43:49	101	1	1	0
180306012	2018-12-13 14:18:50	101	1	1	0
180306012	2018-12-13 14:45:17	101	1	1	0
180504013	2018-12-13 18:44:57	101	1	1	0
171101011	2018-12-13 19:15:51	101	1	1	0
161201010	2018-12-13 20:55:38	101	1	1	0
180306012	2018-12-13 21:41:30	101	1	1	0
160101002	2018-12-13 22:35:10	101	1	1	0
160101002	2018-12-14 09:00:15	101	1	1	0
171101011	2018-12-14 09:12:11	101	1	1	0
180504013	2018-12-14 10:21:20	101	1	1	0
161201010	2018-12-14 11:10:02	101	1	1	0
180306012	2018-12-14 11:24:22	101	1	1	0
171101011	2018-12-14 17:37:51	101	1	1	0
160602004	2018-12-14 19:06:26	101	1	1	0
180306012	2018-12-14 20:32:24	101	1	1	0
161201010	2018-12-14 20:44:51	101	1	1	0
160602004	2018-12-14 20:55:04	101	1	1	0
180504013	2018-12-14 21:21:41	101	1	1	0
160101002	2018-12-14 21:22:04	101	1	1	0
171101011	2018-12-15 09:07:59	101	1	1	0
180504013	2018-12-15 11:22:04	101	1	1	0
180306012	2018-12-15 11:47:37	101	1	1	0
161201010	2018-12-15 11:54:29	101	1	1	0
160602004	2018-12-15 19:26:50	101	1	1	0
160602004	2018-12-15 19:26:55	101	1	1	0
160602004	2018-12-15 19:26:59	101	1	1	0
171101011	2018-12-15 19:42:59	101	1	1	0
180306012	2018-12-15 20:29:14	101	1	1	0
161201010	2018-12-15 20:41:12	101	1	1	0
160602004	2018-12-15 20:59:07	101	1	1	0
180504013	2018-12-15 21:08:41	101	1	1	0
180306012	2018-12-17 08:46:17	101	1	1	0
180504013	2018-12-17 08:46:21	101	1	1	0
160602004	2018-12-17 22:19:44	101	1	1	0
180504013	2018-12-17 23:06:04	101	1	1	0
180306012	2018-12-17 23:25:22	101	1	1	0
161201010	2018-12-17 23:38:38	101	1	1	0
160602004	2018-12-17 23:48:35	101	1	1	0
180306012	2018-12-18 03:22:07	101	1	1	0
160602004	2018-12-18 05:14:26	101	1	1	0
160602004	2018-12-18 07:28:52	101	1	1	0
160602004	2018-12-18 07:32:39	101	1	1	0
161201010	2018-12-18 08:43:11	101	1	1	0
160602004	2018-12-18 08:57:52	101	1	1	0
160101002	2018-12-18 22:49:39	101	1	1	0
180504013	2018-12-18 23:08:30	101	1	1	0
160602004	2018-12-18 23:19:19	101	1	1	0
161201010	2018-12-18 23:36:34	101	1	1	0
160602004	2018-12-19 00:52:17	101	1	1	0
160602004	2018-12-19 05:24:33	101	1	1	0
161201010	2018-12-19 06:58:09	101	1	1	0
180504013	2018-12-19 08:50:04	101	1	1	0
180504013	2018-12-19 22:09:37	101	1	1	0
180306012	2018-12-19 23:25:47	101	1	1	0
171101011	2018-12-19 23:41:30	101	1	1	0
161201010	2018-12-20 01:50:59	101	1	1	0
180504013	2018-12-20 07:14:34	101	1	1	0
160602004	2018-12-20 07:17:53	101	1	1	0
171101011	2018-12-20 07:47:49	101	1	1	0
160602004	2018-12-20 08:31:48	101	1	1	0
161201010	2018-12-20 08:51:38	101	1	1	0
161201010	2018-12-20 08:51:39	101	1	1	0
161201010	2018-12-20 08:51:40	101	1	1	0
180306012	2018-12-20 09:11:21	101	1	1	0
160101002	2018-12-20 21:02:35	101	1	1	0
171101011	2018-12-20 21:12:50	101	1	1	0
180504013	2018-12-20 22:58:31	101	1	1	0
161201010	2018-12-20 23:37:06	101	1	1	0
161201010	2018-12-20 23:37:07	101	1	1	0
161201010	2018-12-20 23:37:09	101	1	1	0
161201010	2018-12-21 06:56:28	101	1	1	0
160602004	2018-12-21 07:28:05	101	1	1	0
171101011	2018-12-21 07:42:45	101	1	1	0
160602004	2018-12-21 08:47:07	101	1	1	0
180504013	2018-12-21 09:51:37	101	1	1	0
160101002	2018-12-21 21:00:05	101	1	1	0
171101011	2018-12-21 21:26:44	101	1	1	0
180504013	2018-12-21 23:05:08	101	1	1	0
161201010	2018-12-21 23:30:22	101	1	1	0
160602004	2018-12-22 07:18:31	101	1	1	0
171101011	2018-12-22 08:23:08	101	1	1	0
161201010	2018-12-22 08:47:02	101	1	1	0
161201010	2018-12-22 08:47:03	101	1	1	0
161201010	2018-12-22 08:47:05	101	1	1	0
160602004	2018-12-22 08:55:06	101	1	1	0
180504013	2018-12-22 09:33:00	101	1	1	0
160101002	2018-12-22 09:33:05	101	1	1	0
180504013	2018-12-23 23:00:53	101	1	1	0
160602004	2018-12-23 23:15:52	101	1	1	0
180306012	2018-12-23 23:32:28	101	1	1	0
161201010	2018-12-23 23:33:46	101	1	1	0
160602004	2018-12-24 00:35:04	101	1	1	0
180306012	2018-12-24 03:57:30	101	1	1	0
180306012	2018-12-24 04:20:00	101	1	1	0
160602004	2018-12-24 05:24:39	101	1	1	0
160602004	2018-12-24 06:45:25	101	1	1	0
180306012	2018-12-24 07:35:39	101	1	1	0
161201010	2018-12-24 07:52:32	101	1	1	0
180306012	2018-12-24 08:07:09	101	1	1	0
180504013	2018-12-24 09:16:29	101	1	1	0
180306012	2018-12-24 09:23:24	101	1	1	0
160101002	2018-12-25 22:53:45	101	1	1	0
171101011	2018-12-25 22:53:56	101	1	1	0
180504013	2018-12-25 23:14:20	101	1	1	0
180306012	2018-12-25 23:30:04	101	1	1	0
161201010	2018-12-25 23:41:14	101	1	1	0
171101011	2018-12-26 07:43:12	101	1	1	0
161201010	2018-12-26 08:02:50	101	1	1	0
180306012	2018-12-26 08:33:27	101	1	1	0
160101002	2018-12-26 08:34:44	101	1	1	0
180504013	2018-12-26 08:34:47	101	1	1	0
171101011	2018-12-26 22:53:07	101	1	1	0
160101002	2018-12-26 22:53:13	101	1	1	0
161201010	2018-12-26 23:31:52	101	1	1	0
180504013	2018-12-26 23:35:16	101	1	1	0
180306012	2018-12-26 23:52:25	101	1	1	0
180306012	2018-12-27 02:36:57	101	1	1	0
180306012	2018-12-27 09:27:03	101	1	1	0
160101002	2018-12-27 09:27:40	101	1	1	0
180504013	2018-12-27 09:27:45	101	1	1	0
171101011	2018-12-27 09:27:51	101	1	1	0
161201010	2018-12-27 09:28:47	101	1	1	0
171101011	2018-12-27 22:57:23	101	1	1	0
180504013	2018-12-27 23:01:34	101	1	1	0
180306012	2018-12-27 23:28:13	101	1	1	0
161201010	2018-12-27 23:31:28	101	1	1	0
180306012	2018-12-28 03:36:28	101	1	1	0
180306012	2018-12-28 03:58:13	101	1	1	0
161201010	2018-12-28 06:56:26	101	1	1	0
171101011	2018-12-28 07:33:55	101	1	1	0
180306012	2018-12-28 07:52:21	101	1	1	0
180504013	2018-12-28 08:58:01	101	1	1	0
171101011	2018-12-31 22:53:12	101	1	1	0
180504013	2018-12-31 22:53:29	101	1	1	0
160101002	2018-12-31 22:54:28	101	1	1	0
161201010	2018-12-31 23:17:14	101	1	1	0
180306012	2018-12-31 23:29:59	101	1	1	0
180306012	2019-01-01 01:58:41	101	1	1	0
180306012	2019-01-01 02:31:43	101	1	1	0
161201010	2019-01-01 09:51:07	101	1	1	0
180306012	2019-01-01 09:51:11	101	1	1	0
171101011	2019-01-01 09:51:42	101	1	1	0
180504013	2019-01-01 10:06:55	101	1	1	0
160101002	2019-01-01 10:07:03	101	1	1	0
180504013	2019-01-01 22:51:45	101	1	1	0
160101002	2019-01-01 22:51:58	101	1	1	0
161201010	2019-01-01 23:01:45	101	1	1	0
180306012	2019-01-01 23:38:26	101	1	1	0
180306012	2019-01-02 02:31:25	101	1	1	0
180306012	2019-01-02 03:00:15	101	1	1	0
161201010	2019-01-02 08:14:09	101	1	1	0
180306012	2019-01-02 08:45:46	101	1	1	0
180504013	2019-01-02 09:05:45	101	1	1	0
160101002	2019-01-02 09:06:12	101	1	1	0
160101002	2019-01-02 21:59:57	101	1	1	0
171101011	2019-01-02 22:11:23	101	1	1	0
180504013	2019-01-02 22:13:34	101	1	1	0
161201010	2019-01-02 23:47:30	101	1	1	0
161201010	2019-01-02 23:47:32	101	1	1	0
161201010	2019-01-02 23:47:34	101	1	1	0
161201010	2019-01-02 23:47:37	101	1	1	0
171101011	2019-01-03 07:59:00	101	1	1	0
161201010	2019-01-03 08:49:19	101	1	1	0
161201010	2019-01-03 08:49:20	101	1	1	0
161201010	2019-01-03 08:49:24	101	1	1	0
160101002	2019-01-03 09:34:04	101	1	1	0
180504013	2019-01-03 09:34:50	101	1	1	0
160101002	2019-01-03 21:03:53	101	1	1	0
171101011	2019-01-03 21:21:56	101	1	1	0
180504013	2019-01-03 22:09:32	101	1	1	0
161201010	2019-01-03 23:21:38	101	1	1	0
180306012	2019-01-03 23:31:08	101	1	1	0
171101011	2019-01-04 07:10:57	101	1	1	0
161201010	2019-01-04 08:35:19	101	1	1	0
161201010	2019-01-04 08:35:20	101	1	1	0
161201010	2019-01-04 08:35:22	101	1	1	0
180306012	2019-01-04 09:33:17	101	1	1	0
180504013	2019-01-04 09:48:27	101	1	1	0
160101002	2019-01-04 09:48:32	101	1	1	0
160101002	2019-01-04 21:24:54	101	1	1	0
171101011	2019-01-04 21:32:35	101	1	1	0
180504013	2019-01-04 22:44:16	101	1	1	0
161201010	2019-01-04 23:10:03	101	1	1	0
171101011	2019-01-05 07:26:52	101	1	1	0
161201010	2019-01-05 08:42:19	101	1	1	0
180504013	2019-01-05 09:36:53	101	1	1	0
160101002	2019-01-05 09:36:55	101	1	1	0
160101002	2019-01-06 22:39:30	101	1	1	0
180504013	2019-01-06 22:54:42	101	1	1	0
171101011	2019-01-06 22:57:51	101	1	1	0
160602004	2019-01-06 23:14:27	101	1	1	0
161201010	2019-01-06 23:25:37	101	1	1	0
180306012	2019-01-06 23:55:19	101	1	1	0
160602004	2019-01-07 00:45:03	101	1	1	0
180306012	2019-01-07 02:52:36	101	1	1	0
180306012	2019-01-07 03:18:08	101	1	1	0
160602004	2019-01-07 05:30:40	101	1	1	0
160602004	2019-01-07 06:47:51	101	1	1	0
161201010	2019-01-07 07:50:51	101	1	1	0
171101011	2019-01-07 07:50:55	101	1	1	0
180306012	2019-01-07 08:33:26	101	1	1	0
180504013	2019-01-07 08:50:07	101	1	1	0
160101002	2019-01-07 08:50:12	101	1	1	0
160101002	2019-01-07 21:56:37	101	1	1	0
160602004	2019-01-07 22:14:45	101	1	1	0
171101011	2019-01-07 22:15:36	101	1	1	0
180504013	2019-01-07 23:06:40	101	1	1	0
161201010	2019-01-07 23:27:07	101	1	1	0
160602004	2019-01-07 23:47:49	101	1	1	0
180306012	2019-01-07 23:55:12	101	1	1	0
180306012	2019-01-08 02:05:14	101	1	1	0
180306012	2019-01-08 02:31:42	101	1	1	0
160602004	2019-01-08 05:23:20	101	1	1	0
        3	2019-01-08 05:53:30	101	1	1	0
160602004	2019-01-08 06:59:18	101	1	1	0
160602004	2019-01-08 07:13:54	101	1	1	0
171101011	2019-01-08 07:54:41	101	1	1	0
160602004	2019-01-08 08:06:15	101	1	1	0
180306012	2019-01-08 08:36:16	101	1	1	0
        3	2019-01-08 08:38:46	101	1	1	0
161201010	2019-01-08 08:41:52	101	1	1	0
180504013	2019-01-08 09:40:05	101	1	1	0
160101002	2019-01-08 09:41:13	101	1	1	0
160101002	2019-01-08 22:33:52	101	1	1	0
180504013	2019-01-08 22:40:22	101	1	1	0
171101011	2019-01-08 22:52:45	101	1	1	0
160602004	2019-01-08 23:14:28	101	1	1	0
161201010	2019-01-08 23:25:58	101	1	1	0
180306012	2019-01-09 00:11:09	101	1	1	0
160602004	2019-01-09 00:53:35	101	1	1	0
180306012	2019-01-09 02:26:04	101	1	1	0
160602004	2019-01-09 05:21:11	101	1	1	0
180306012	2019-01-09 05:43:41	101	1	1	0
180306012	2019-01-09 05:58:12	101	1	1	0
171101011	2019-01-09 07:02:12	101	1	1	0
160602004	2019-01-09 07:10:45	101	1	1	0
180504013	2019-01-09 07:36:41	101	1	1	0
        3	2019-01-09 07:52:36	101	1	1	0
        3	2019-01-09 07:59:10	101	1	1	0
180306012	2019-01-09 08:16:55	101	1	1	0
161201010	2019-01-09 08:29:50	101	1	1	0
160101002	2019-01-09 08:45:29	101	1	1	0
160101002	2019-01-09 22:00:59	101	1	1	0
171101011	2019-01-09 22:09:24	101	1	1	0
180504013	2019-01-09 23:04:10	101	1	1	0
161201010	2019-01-09 23:19:06	101	1	1	0
180306012	2019-01-10 00:10:23	101	1	1	0
160602004	2019-01-10 05:13:21	101	1	1	0
160602004	2019-01-10 07:11:57	101	1	1	0
160602004	2019-01-10 08:06:49	101	1	1	0
180306012	2019-01-10 09:39:13	101	1	1	0
171101011	2019-01-10 09:44:41	101	1	1	0
161201010	2019-01-10 09:44:44	101	1	1	0
180504013	2019-01-10 09:44:49	101	1	1	0
160101002	2019-01-10 09:44:53	101	1	1	0
160101002	2019-01-10 21:07:02	101	1	1	0
171101011	2019-01-10 21:34:27	101	1	1	0
180504013	2019-01-10 23:00:16	101	1	1	0
161201010	2019-01-10 23:34:03	101	1	1	0
161201010	2019-01-10 23:34:04	101	1	1	0
171101011	2019-01-11 06:24:56	101	1	1	0
160101002	2019-01-11 09:31:25	101	1	1	0
180504013	2019-01-11 09:31:33	101	1	1	0
171101011	2019-01-11 22:22:46	101	1	1	0
160101002	2019-01-11 22:22:51	101	1	1	0
180504013	2019-01-11 22:49:46	101	1	1	0
161201010	2019-01-11 23:34:37	101	1	1	0
171101011	2019-01-12 06:28:56	101	1	1	0
161201010	2019-01-12 08:24:15	101	1	1	0
   131105	2019-01-12 08:38:01	101	1	1	0
        3	2019-01-12 08:40:13	101	1	1	0
180504013	2019-01-12 09:40:38	101	1	1	0
160101002	2019-01-13 22:08:52	101	1	1	0
171101011	2019-01-13 22:48:55	101	1	1	0
180504013	2019-01-13 23:08:06	101	1	1	0
161201010	2019-01-13 23:29:23	101	1	1	0
160602004	2019-01-13 23:34:41	101	1	1	0
160602004	2019-01-14 01:07:35	101	1	1	0
160602004	2019-01-14 05:10:39	101	1	1	0
160602004	2019-01-14 06:45:20	101	1	1	0
171101011	2019-01-14 07:44:23	101	1	1	0
180504013	2019-01-14 08:42:01	101	1	1	0
161201010	2019-01-14 08:42:16	101	1	1	0
160101002	2019-01-14 22:04:06	101	1	1	0
160602004	2019-01-14 22:14:24	101	1	1	0
180504013	2019-01-14 22:52:05	101	1	1	0
160602004	2019-01-15 00:00:38	101	1	1	0
160602004	2019-01-15 05:19:48	101	1	1	0
160602004	2019-01-15 06:52:57	101	1	1	0
160602004	2019-01-15 07:16:36	101	1	1	0
160602004	2019-01-15 08:28:37	101	1	1	0
180504013	2019-01-15 10:33:47	101	1	1	0
160101002	2019-01-15 10:34:03	101	1	1	0
160101002	2019-01-15 22:34:09	101	1	1	0
180504013	2019-01-15 22:59:00	101	1	1	0
160602004	2019-01-15 23:19:03	101	1	1	0
161201010	2019-01-15 23:32:24	101	1	1	0
160602004	2019-01-16 00:52:27	101	1	1	0
160602004	2019-01-16 06:54:34	101	1	1	0
180504013	2019-01-16 07:56:15	101	1	1	0
161201010	2019-01-16 08:02:13	101	1	1	0
160101002	2019-01-16 08:47:25	101	1	1	0
160101002	2019-01-16 21:54:59	101	1	1	0
160602004	2019-01-16 22:09:30	101	1	1	0
171101011	2019-01-16 22:24:20	101	1	1	0
180504013	2019-01-16 22:57:21	101	1	1	0
161201010	2019-01-16 23:23:29	101	1	1	0
160602004	2019-01-16 23:39:50	101	1	1	0
160602004	2019-01-17 05:13:52	101	1	1	0
160602004	2019-01-17 07:04:27	101	1	1	0
160602004	2019-01-17 07:24:36	101	1	1	0
180504013	2019-01-17 07:54:42	101	1	1	0
171101011	2019-01-17 08:12:15	101	1	1	0
160602004	2019-01-17 08:39:18	101	1	1	0
161201010	2019-01-17 09:07:39	101	1	1	0
160101002	2019-01-17 21:12:12	101	1	1	0
171101011	2019-01-17 21:30:49	101	1	1	0
180504013	2019-01-17 23:03:51	101	1	1	0
161201010	2019-01-17 23:37:16	101	1	1	0
160602004	2019-01-18 07:11:45	101	1	1	0
171101011	2019-01-18 07:36:36	101	1	1	0
161201010	2019-01-18 08:54:40	101	1	1	0
160602004	2019-01-18 08:56:12	101	1	1	0
160101002	2019-01-18 09:12:08	101	1	1	0
180504013	2019-01-18 09:12:10	101	1	1	0
160101002	2019-01-18 20:59:20	101	1	1	0
171101011	2019-01-18 21:31:32	101	1	1	0
161201010	2019-01-18 22:37:06	101	1	1	0
180504013	2019-01-18 23:02:57	101	1	1	0
160602004	2019-01-19 07:11:04	101	1	1	0
160602004	2019-01-19 07:11:09	101	1	1	0
160602004	2019-01-19 07:11:12	101	1	1	0
171101011	2019-01-19 08:10:27	101	1	1	0
160602004	2019-01-19 08:24:13	101	1	1	0
161201010	2019-01-19 08:41:47	101	1	1	0
180504013	2019-01-19 08:52:38	101	1	1	0
160101002	2019-01-19 09:10:41	101	1	1	0
160101002	2019-01-20 22:37:42	101	1	1	0
180504013	2019-01-20 23:09:01	101	1	1	0
171101011	2019-01-20 23:15:19	101	1	1	0
160602004	2019-01-20 23:16:06	101	1	1	0
161201010	2019-01-20 23:19:44	101	1	1	0
160602004	2019-01-21 00:17:10	101	1	1	0
160602004	2019-01-21 05:13:27	101	1	1	0
160602004	2019-01-21 06:42:15	101	1	1	0
171101011	2019-01-21 07:56:10	101	1	1	0
180504013	2019-01-21 08:13:10	101	1	1	0
180504013	2019-01-21 08:13:34	101	1	1	0
180504013	2019-01-21 08:13:37	101	1	1	0
160101002	2019-01-21 08:23:03	101	1	1	0
161201010	2019-01-21 08:27:42	101	1	1	0
160101002	2019-01-21 08:27:46	101	1	1	0
171101011	2019-01-21 21:46:54	101	1	1	0
160101002	2019-01-21 21:47:06	101	1	1	0
160602004	2019-01-21 22:11:10	101	1	1	0
180504013	2019-01-21 23:02:31	101	1	1	0
160602004	2019-01-21 23:53:05	101	1	1	0
161201010	2019-01-22 00:14:14	101	1	1	0
160602004	2019-01-22 05:09:02	101	1	1	0
160602004	2019-01-22 06:37:30	101	1	1	0
171101011	2019-01-22 07:05:51	101	1	1	0
180504013	2019-01-22 07:50:08	101	1	1	0
160101002	2019-01-22 07:50:16	101	1	1	0
161201010	2019-01-22 07:55:17	101	1	1	0
180504013	2019-01-22 22:53:33	101	1	1	0
161201010	2019-01-22 23:09:40	101	1	1	0
160602004	2019-01-22 23:26:55	101	1	1	0
171101011	2019-01-22 23:34:04	101	1	1	0
160602004	2019-01-23 00:52:02	101	1	1	0
160602004	2019-01-23 05:12:02	101	1	1	0
160602004	2019-01-23 06:59:18	101	1	1	0
180504013	2019-01-23 07:05:01	101	1	1	0
171101011	2019-01-23 07:29:41	101	1	1	0
161201010	2019-01-23 07:54:44	101	1	1	0
180504013	2019-01-23 22:16:22	101	1	1	0
171101011	2019-01-23 22:16:36	101	1	1	0
160602004	2019-01-23 22:20:25	101	1	1	0
161201010	2019-01-23 23:13:49	101	1	1	0
160602004	2019-01-24 00:31:47	101	1	1	0
180504013	2019-01-24 03:56:45	101	1	1	0
160602004	2019-01-24 05:17:16	101	1	1	0
171101011	2019-01-24 05:52:53	101	1	1	0
160602004	2019-01-24 07:06:16	101	1	1	0
161201010	2019-01-24 08:35:41	101	1	1	0
180504013	2019-01-24 20:49:59	101	1	1	0
171101011	2019-01-24 21:03:03	101	1	1	0
160602004	2019-01-24 21:10:43	101	1	1	0
161201010	2019-01-24 21:35:13	101	1	1	0
160602004	2019-01-24 23:23:13	101	1	1	0
161201010	2019-01-25 06:55:41	101	1	1	0
160602004	2019-01-25 07:08:48	101	1	1	0
171101011	2019-01-25 07:56:35	101	1	1	0
180504013	2019-01-25 08:03:51	101	1	1	0
160602004	2019-01-25 08:57:20	101	1	1	0
160101002	2019-01-25 20:56:55	101	1	1	0
160602004	2019-01-25 21:14:30	101	1	1	0
171101011	2019-01-25 21:55:53	101	1	1	0
160602004	2019-01-25 23:06:04	101	1	1	0
180504013	2019-01-25 23:12:37	101	1	1	0
161201010	2019-01-25 23:37:17	101	1	1	0
180504013	2019-01-26 01:06:59	101	1	1	0
180504013	2019-01-26 03:14:28	101	1	1	0
160602004	2019-01-26 06:27:07	101	1	1	0
160602004	2019-01-26 06:27:11	101	1	1	0
171101011	2019-01-26 07:05:23	101	1	1	0
160602004	2019-01-26 07:12:46	101	1	1	0
180504013	2019-01-26 08:26:55	101	1	1	0
160602004	2019-01-26 08:32:47	101	1	1	0
161201010	2019-01-26 08:33:17	101	1	1	0
160101002	2019-01-26 08:36:36	101	1	1	0
160101002	2019-01-27 22:35:33	101	1	1	0
171101011	2019-01-27 22:51:41	101	1	1	0
180504013	2019-01-27 23:03:51	101	1	1	0
161201010	2019-01-27 23:17:15	101	1	1	0
160602004	2019-01-27 23:27:52	101	1	1	0
160602004	2019-01-28 00:55:35	101	1	1	0
160602004	2019-01-28 05:09:56	101	1	1	0
160602004	2019-01-28 06:38:22	101	1	1	0
180504013	2019-01-28 07:00:55	101	1	1	0
171101011	2019-01-28 07:56:28	101	1	1	0
160101002	2019-01-28 07:56:51	101	1	1	0
161201010	2019-01-28 07:57:03	101	1	1	0
171101011	2019-01-28 22:12:10	101	1	1	0
160602004	2019-01-28 22:26:15	101	1	1	0
161201010	2019-01-28 23:16:56	101	1	1	0
160602004	2019-01-29 00:05:40	101	1	1	0
171101011	2019-01-29 07:10:38	101	1	1	0
160101002	2019-01-29 09:21:44	101	1	1	0
160101002	2019-01-29 22:20:42	101	1	1	0
171101011	2019-01-29 22:37:47	101	1	1	0
160602004	2019-01-29 23:20:46	101	1	1	0
160602004	2019-01-30 00:57:56	101	1	1	0
160602004	2019-01-30 05:31:37	101	1	1	0
160602004	2019-01-30 06:35:30	101	1	1	0
171101011	2019-01-30 08:14:01	101	1	1	0
160602004	2019-01-30 22:15:58	101	1	1	0
171101011	2019-01-30 23:02:50	101	1	1	0
161201010	2019-01-30 23:17:54	101	1	1	0
160602004	2019-01-30 23:30:05	101	1	1	0
171101011	2019-01-31 07:16:06	101	1	1	0
161201010	2019-01-31 08:36:15	101	1	1	0
160101002	2019-01-31 09:28:01	101	1	1	0
160602004	2019-01-31 21:16:23	101	1	1	0
171101011	2019-01-31 21:45:05	101	1	1	0
161201010	2019-01-31 22:50:44	101	1	1	0
160602004	2019-01-31 23:08:49	101	1	1	0
180504013	2019-02-01 00:32:42	101	1	1	0
180504013	2019-02-01 06:35:53	101	1	1	0
171101011	2019-02-01 07:07:38	101	1	1	0
160602004	2019-02-01 07:12:01	101	1	1	0
161201010	2019-02-01 08:33:34	101	1	1	0
160602004	2019-02-01 08:34:21	101	1	1	0
171101011	2019-02-01 21:19:06	101	1	1	0
160602004	2019-02-01 21:19:56	101	1	1	0
180504013	2019-02-01 23:09:51	101	1	1	0
160602004	2019-02-01 23:13:31	101	1	1	0
161201010	2019-02-01 23:31:24	101	1	1	0
180504013	2019-02-02 06:48:58	101	1	1	0
171101011	2019-02-02 07:07:05	101	1	1	0
160602004	2019-02-02 07:12:50	101	1	1	0
161201010	2019-02-02 08:44:31	101	1	1	0
160602004	2019-02-02 08:57:24	101	1	1	0
160101002	2019-02-03 22:41:11	101	1	1	0
171101011	2019-02-03 22:41:21	101	1	1	0
180504013	2019-02-03 23:03:09	101	1	1	0
161201010	2019-02-03 23:12:55	101	1	1	0
160602004	2019-02-04 05:20:56	101	1	1	0
180504013	2019-02-04 05:48:47	101	1	1	0
160602004	2019-02-04 06:28:32	101	1	1	0
171101011	2019-02-04 07:12:14	101	1	1	0
161201010	2019-02-04 08:33:54	101	1	1	0
160101002	2019-02-04 08:38:44	101	1	1	0
160101002	2019-02-04 22:01:45	101	1	1	0
160602004	2019-02-04 22:20:23	101	1	1	0
171101011	2019-02-04 22:31:10	101	1	1	0
180504013	2019-02-04 23:13:38	101	1	1	0
161201010	2019-02-04 23:24:36	101	1	1	0
160602004	2019-02-04 23:51:37	101	1	1	0
160602004	2019-02-05 05:12:30	101	1	1	0
171101011	2019-02-05 06:17:40	101	1	1	0
160602004	2019-02-05 06:58:21	101	1	1	0
180504013	2019-02-05 08:24:56	101	1	1	0
161201010	2019-02-05 08:27:24	101	1	1	0
160101002	2019-02-05 09:04:31	101	1	1	0
171101011	2019-02-05 22:23:55	101	1	1	0
180504013	2019-02-05 23:10:59	101	1	1	0
161201010	2019-02-05 23:31:37	101	1	1	0
160602004	2019-02-06 05:36:23	101	1	1	0
160602004	2019-02-06 07:08:47	101	1	1	0
180504013	2019-02-06 07:25:32	101	1	1	0
171101011	2019-02-06 07:31:49	101	1	1	0
160602004	2019-02-06 08:41:28	101	1	1	0
161201010	2019-02-06 09:05:58	101	1	1	0
160101002	2019-02-06 09:13:50	101	1	1	0
171101011	2019-02-06 22:04:19	101	1	1	0
160101002	2019-02-06 22:04:30	101	1	1	0
160602004	2019-02-06 22:17:30	101	1	1	0
180504013	2019-02-06 23:08:17	101	1	1	0
161201010	2019-02-06 23:31:29	101	1	1	0
160602004	2019-02-06 23:54:39	101	1	1	0
160602004	2019-02-07 05:17:54	101	1	1	0
171101011	2019-02-07 07:08:59	101	1	1	0
161201010	2019-02-07 08:32:24	101	1	1	0
180504013	2019-02-07 08:37:43	101	1	1	0
160101002	2019-02-07 09:22:52	101	1	1	0
160602004	2019-02-07 21:14:41	101	1	1	0
171101011	2019-02-07 21:39:32	101	1	1	0
180504013	2019-02-07 22:50:36	101	1	1	0
160602004	2019-02-07 22:56:23	101	1	1	0
161201010	2019-02-07 23:03:06	101	1	1	0
161201010	2019-02-07 23:03:07	101	1	1	0
161201010	2019-02-07 23:03:09	101	1	1	0
160602004	2019-02-08 07:21:33	101	1	1	0
171101011	2019-02-08 08:01:08	101	1	1	0
160602004	2019-02-08 09:06:18	101	1	1	0
161201010	2019-02-08 09:40:52	101	1	1	0
160101002	2019-02-08 10:01:54	101	1	1	0
180504013	2019-02-08 10:02:12	101	1	1	0
160602004	2019-02-08 21:08:10	101	1	1	0
171101011	2019-02-08 21:26:24	101	1	1	0
180504013	2019-02-08 22:46:25	101	1	1	0
160602004	2019-02-08 22:59:19	101	1	1	0
161201010	2019-02-08 23:06:17	101	1	1	0
171101011	2019-02-09 07:02:59	101	1	1	0
160602004	2019-02-09 07:11:35	101	1	1	0
160602004	2019-02-09 07:11:39	101	1	1	0
160602004	2019-02-09 07:11:43	101	1	1	0
180504013	2019-02-09 07:14:41	101	1	1	0
161201010	2019-02-09 08:30:50	101	1	1	0
160602004	2019-02-09 08:36:34	101	1	1	0
160101002	2019-02-09 09:10:38	101	1	1	0
171101011	2019-02-10 22:28:03	101	1	1	0
180504013	2019-02-10 22:52:24	101	1	1	0
161201010	2019-02-10 23:23:16	101	1	1	0
161201010	2019-02-10 23:23:17	101	1	1	0
161201010	2019-02-10 23:23:19	101	1	1	0
160602004	2019-02-11 05:34:00	101	1	1	0
171101011	2019-02-11 06:29:33	101	1	1	0
160602004	2019-02-11 06:44:30	101	1	1	0
160602004	2019-02-11 07:01:05	101	1	1	0
180504013	2019-02-11 07:42:58	101	1	1	0
160602004	2019-02-11 08:46:15	101	1	1	0
161201010	2019-02-11 09:11:41	101	1	1	0
160101002	2019-02-11 09:21:37	101	1	1	0
160602004	2019-02-11 22:28:26	101	1	1	0
180504013	2019-02-11 23:02:02	101	1	1	0
161201010	2019-02-11 23:18:08	101	1	1	0
160602004	2019-02-12 00:48:30	101	1	1	0
160602004	2019-02-12 05:19:39	101	1	1	0
160602004	2019-02-12 06:39:40	101	1	1	0
180504013	2019-02-12 08:39:26	101	1	1	0
161201010	2019-02-12 08:40:22	101	1	1	0
171101011	2019-02-12 22:25:43	101	1	1	0
160101002	2019-02-12 22:25:53	101	1	1	0
180504013	2019-02-12 23:04:51	101	1	1	0
161201010	2019-02-12 23:32:28	101	1	1	0
160602004	2019-02-13 05:15:59	101	1	1	0
180504013	2019-02-13 06:46:27	101	1	1	0
160602004	2019-02-13 07:05:31	101	1	1	0
160602004	2019-02-13 07:05:34	101	1	1	0
171101011	2019-02-13 07:16:34	101	1	1	0
160602004	2019-02-13 08:30:18	101	1	1	0
161201010	2019-02-13 08:30:27	101	1	1	0
160101002	2019-02-13 22:01:51	101	1	1	0
160602004	2019-02-13 22:20:08	101	1	1	0
171101011	2019-02-13 22:25:56	101	1	1	0
180504013	2019-02-13 23:09:01	101	1	1	0
160602004	2019-02-13 23:41:39	101	1	1	0
160602004	2019-02-14 05:09:37	101	1	1	0
180504013	2019-02-14 06:36:28	101	1	1	0
160602004	2019-02-14 06:37:06	101	1	1	0
171101011	2019-02-14 07:03:17	101	1	1	0
161201010	2019-02-14 07:38:15	101	1	1	0
160101002	2019-02-14 08:51:13	101	1	1	0
160101002	2019-02-14 20:59:15	101	1	1	0
160602004	2019-02-14 21:07:47	101	1	1	0
171101011	2019-02-14 21:25:39	101	1	1	0
160602004	2019-02-14 23:03:19	101	1	1	0
180504013	2019-02-14 23:09:32	101	1	1	0
161201010	2019-02-14 23:24:53	101	1	1	0
171101011	2019-02-15 06:20:32	101	1	1	0
171101011	2019-02-15 06:20:33	101	1	1	0
171101011	2019-02-15 06:20:35	101	1	1	0
160602004	2019-02-15 07:05:29	101	1	1	0
161201010	2019-02-15 08:33:40	101	1	1	0
160602004	2019-02-15 08:50:48	101	1	1	0
180504013	2019-02-15 10:07:49	101	1	1	0
160101002	2019-02-15 10:07:51	101	1	1	0
160101002	2019-02-15 21:00:43	101	1	1	0
160602004	2019-02-15 21:13:02	101	1	1	0
171101011	2019-02-15 21:32:08	101	1	1	0
180504013	2019-02-15 22:55:15	101	1	1	0
160602004	2019-02-15 23:00:38	101	1	1	0
161201010	2019-02-15 23:33:49	101	1	1	0
160602004	2019-02-16 07:09:11	101	1	1	0
171101011	2019-02-16 07:14:43	101	1	1	0
180504013	2019-02-16 07:36:21	101	1	1	0
160602004	2019-02-16 08:27:38	101	1	1	0
161201010	2019-02-16 08:39:26	101	1	1	0
160101002	2019-02-16 09:17:28	101	1	1	0
160101002	2019-02-17 22:20:23	101	1	1	0
171101011	2019-02-17 22:34:14	101	1	1	0
161201010	2019-02-17 22:51:25	101	1	1	0
161201010	2019-02-17 22:51:26	101	1	1	0
161201010	2019-02-17 22:51:30	101	1	1	0
180504013	2019-02-17 23:01:43	101	1	1	0
171101011	2019-02-18 06:30:04	101	1	1	0
160602004	2019-02-18 07:09:08	101	1	1	0
161201010	2019-02-18 08:30:45	101	1	1	0
161201010	2019-02-18 08:30:46	101	1	1	0
161201010	2019-02-18 08:30:48	101	1	1	0
160602004	2019-02-18 08:32:23	101	1	1	0
180504013	2019-02-18 09:24:29	101	1	1	0
171101011	2019-02-18 22:13:56	101	1	1	0
160602004	2019-02-18 22:20:54	101	1	1	0
180504013	2019-02-18 22:59:15	101	1	1	0
160602004	2019-02-18 23:49:39	101	1	1	0
161201010	2019-02-18 23:52:53	101	1	1	0
160602004	2019-02-19 05:14:43	101	1	1	0
171101011	2019-02-19 06:00:02	101	1	1	0
160602004	2019-02-19 06:38:23	101	1	1	0
161201010	2019-02-19 08:38:41	101	1	1	0
160101002	2019-02-19 09:10:20	101	1	1	0
180504013	2019-02-19 09:11:26	101	1	1	0
160101002	2019-02-19 22:24:26	101	1	1	0
171101011	2019-02-19 22:25:25	101	1	1	0
161201010	2019-02-19 23:14:32	101	1	1	0
171101011	2019-02-20 07:00:02	101	1	1	0
161201010	2019-02-20 08:38:10	101	1	1	0
160101002	2019-02-20 08:54:08	101	1	1	0
160101002	2019-02-21 21:12:48	101	1	1	0
171101011	2019-02-21 21:44:10	101	1	1	0
180504013	2019-02-21 22:39:15	101	1	1	0
171101011	2019-02-22 07:26:48	101	1	1	0
180504013	2019-02-22 09:26:36	101	1	1	0
160101002	2019-02-22 09:28:10	101	1	1	0
171101011	2019-02-22 21:09:45	101	1	1	0
180504013	2019-02-22 21:37:06	101	1	1	0
171101011	2019-02-23 07:44:18	101	1	1	0
180504013	2019-02-23 07:45:44	101	1	1	0
160101002	2019-02-24 22:25:05	101	1	1	0
171101011	2019-02-24 22:45:09	101	1	1	0
180504013	2019-02-24 23:23:54	101	1	1	0
161201010	2019-02-24 23:28:49	101	1	1	0
160602004	2019-02-25 07:06:37	101	1	1	0
171101011	2019-02-25 08:12:48	101	1	1	0
161201010	2019-02-25 08:38:27	101	1	1	0
160602004	2019-02-25 08:38:37	101	1	1	0
180504013	2019-02-25 08:55:49	101	1	1	0
160101002	2019-02-25 09:02:20	101	1	1	0
171101011	2019-02-25 22:11:40	101	1	1	0
160602004	2019-02-25 22:26:39	101	1	1	0
160101002	2019-02-25 22:27:17	101	1	1	0
180504013	2019-02-25 23:16:44	101	1	1	0
161201010	2019-02-25 23:21:30	101	1	1	0
171101011	2019-02-26 07:00:08	101	1	1	0
180504013	2019-02-26 07:06:56	101	1	1	0
161201010	2019-02-26 08:43:45	101	1	1	0
160101002	2019-02-26 22:36:55	101	1	1	0
171101011	2019-02-26 22:49:42	101	1	1	0
180504013	2019-02-26 23:20:15	101	1	1	0
161201010	2019-02-26 23:45:25	101	1	1	0
180504013	2019-02-27 07:28:08	101	1	1	0
161201010	2019-02-27 07:34:57	101	1	1	0
171101011	2019-02-27 07:34:59	101	1	1	0
160101002	2019-02-27 22:54:05	101	1	1	0
171101011	2019-02-27 22:54:34	101	1	1	0
161201010	2019-02-27 23:34:19	101	1	1	0
180504013	2019-02-27 23:37:06	101	1	1	0
180504013	2019-02-28 06:33:00	101	1	1	0
171101011	2019-02-28 06:39:38	101	1	1	0
161201010	2019-02-28 06:51:15	101	1	1	0
160101002	2019-02-28 08:09:12	101	1	1	0
160101002	2019-02-28 20:53:01	101	1	1	0
180504013	2019-02-28 23:09:59	101	1	1	0
161201010	2019-02-28 23:24:08	101	1	1	0
180504013	2019-03-01 07:07:13	101	1	1	0
161201010	2019-03-01 08:45:30	101	1	1	0
171101011	2019-03-01 21:34:42	101	1	1	0
180504013	2019-03-01 23:24:58	101	1	1	0
161201010	2019-03-01 23:25:02	101	1	1	0
180504013	2019-03-02 06:35:10	101	1	1	0
171101011	2019-03-02 06:51:52	101	1	1	0
161201010	2019-03-02 08:30:26	101	1	1	0
171101011	2019-03-03 22:48:45	101	1	1	0
180504013	2019-03-03 22:54:29	101	1	1	0
161201010	2019-03-03 23:36:07	101	1	1	0
171101011	2019-03-04 08:03:08	101	1	1	0
161201010	2019-03-04 08:37:31	101	1	1	0
180504013	2019-03-04 09:19:36	101	1	1	0
160101002	2019-03-04 22:10:15	101	1	1	0
171101011	2019-03-04 22:30:04	101	1	1	0
180504013	2019-03-04 23:01:11	101	1	1	0
161201010	2019-03-04 23:22:00	101	1	1	0
171101011	2019-03-05 05:37:39	101	1	1	0
180504013	2019-03-05 06:44:06	101	1	1	0
161201010	2019-03-05 08:16:19	101	1	1	0
180504013	2019-03-05 22:51:40	101	1	1	0
171101011	2019-03-05 22:51:45	101	1	1	0
161201010	2019-03-05 23:34:32	101	1	1	0
180504013	2019-03-06 05:46:36	101	1	1	0
171101011	2019-03-06 07:29:00	101	1	1	0
161201010	2019-03-06 08:31:04	101	1	1	0
180504013	2019-03-06 22:14:21	101	1	1	0
171101011	2019-03-06 22:39:15	101	1	1	0
161201010	2019-03-06 23:26:48	101	1	1	0
180504013	2019-03-07 06:57:52	101	1	1	0
171101011	2019-03-07 07:08:29	101	1	1	0
161201010	2019-03-07 08:06:20	101	1	1	0
171101011	2019-03-07 21:35:27	101	1	1	0
180504013	2019-03-07 22:59:10	101	1	1	0
161201010	2019-03-07 23:13:08	101	1	1	0
161201010	2019-03-07 23:13:10	101	1	1	0
161201010	2019-03-07 23:13:12	101	1	1	0
161201010	2019-03-08 05:07:17	101	1	1	0
171101011	2019-03-08 07:49:53	101	1	1	0
180504013	2019-03-08 09:41:23	101	1	1	0
171101011	2019-03-08 21:59:31	101	1	1	0
180504013	2019-03-08 22:39:55	101	1	1	0
180504013	2019-03-09 06:32:03	101	1	1	0
171101011	2019-03-09 07:17:24	101	1	1	0
171101011	2019-03-10 22:57:56	101	1	1	0
161201010	2019-03-10 23:08:11	101	1	1	0
180504013	2019-03-10 23:11:28	101	1	1	0
171101011	2019-03-11 06:56:55	101	1	1	0
161201010	2019-03-11 09:31:32	101	1	1	0
180504013	2019-03-11 10:04:42	101	1	1	0
160101002	2019-03-11 21:57:28	101	1	1	0
180504013	2019-03-11 23:10:48	101	1	1	0
161201010	2019-03-11 23:30:08	101	1	1	0
180504013	2019-03-12 06:46:51	101	1	1	0
161201010	2019-03-12 08:25:17	101	1	1	0
160101002	2019-03-12 09:17:02	101	1	1	0
160101002	2019-03-12 22:19:14	101	1	1	0
161201010	2019-03-13 00:04:35	101	1	1	0
180504013	2019-03-13 00:56:30	101	1	1	0
161201010	2019-03-13 08:25:05	101	1	1	0
180504013	2019-03-13 08:57:01	101	1	1	0
171101011	2019-03-13 22:20:51	101	1	1	0
180504013	2019-03-13 23:13:49	101	1	1	0
161201010	2019-03-13 23:54:38	101	1	1	0
171101011	2019-03-14 06:44:27	101	1	1	0
180504013	2019-03-14 07:08:16	101	1	1	0
171101011	2019-03-14 21:27:33	101	1	1	0
180504013	2019-03-14 23:03:18	101	1	1	0
161201010	2019-03-14 23:31:28	101	1	1	0
171101011	2019-03-15 07:10:17	101	1	1	0
161201010	2019-03-15 08:44:44	101	1	1	0
171101011	2019-03-15 22:00:58	101	1	1	0
180504013	2019-03-15 23:07:56	101	1	1	0
161201010	2019-03-15 23:57:14	101	1	1	0
171101011	2019-03-16 07:26:58	101	1	1	0
180504013	2019-03-16 09:13:27	101	1	1	0
171101011	2019-03-17 23:02:29	101	1	1	0
180504013	2019-03-17 23:12:45	101	1	1	0
161201010	2019-03-17 23:25:15	101	1	1	0
180504013	2019-03-18 07:04:46	101	1	1	0
171101011	2019-03-18 07:27:17	101	1	1	0
161201010	2019-03-18 08:42:05	101	1	1	0
171101011	2019-03-18 22:25:10	101	1	1	0
180504013	2019-03-18 23:04:08	101	1	1	0
161201010	2019-03-18 23:26:39	101	1	1	0
180504013	2019-03-19 07:01:34	101	1	1	0
171101011	2019-03-19 07:08:56	101	1	1	0
161201010	2019-03-19 09:01:26	101	1	1	0
171101011	2019-03-19 22:36:42	101	1	1	0
180504013	2019-03-19 23:03:18	101	1	1	0
161201010	2019-03-19 23:18:57	101	1	1	0
171101011	2019-03-20 06:03:11	101	1	1	0
180504013	2019-03-20 06:59:42	101	1	1	0
161201010	2019-03-20 08:35:19	101	1	1	0
171101011	2019-03-20 22:38:31	101	1	1	0
161201010	2019-03-21 00:26:07	101	1	1	0
180504013	2019-03-21 06:58:21	101	1	1	0
171101011	2019-03-21 07:05:42	101	1	1	0
161201010	2019-03-21 08:34:14	101	1	1	0
171101011	2019-03-21 21:19:42	101	1	1	0
180504013	2019-03-21 23:06:34	101	1	1	0
161201010	2019-03-21 23:24:59	101	1	1	0
171101011	2019-03-22 07:29:56	101	1	1	0
161201010	2019-03-22 08:20:27	101	1	1	0
180504013	2019-03-22 09:24:59	101	1	1	0
171101011	2019-03-22 21:43:11	101	1	1	0
161201010	2019-03-22 23:33:54	101	1	1	0
171101011	2019-03-23 07:17:37	101	1	1	0
161201010	2019-03-23 08:29:15	101	1	1	0
171101011	2019-03-24 22:52:38	101	1	1	0
180504013	2019-03-24 22:52:42	101	1	1	0
161201010	2019-03-24 23:34:33	101	1	1	0
171101011	2019-03-25 07:26:23	101	1	1	0
180504013	2019-03-25 08:46:10	101	1	1	0
161201010	2019-03-25 08:48:20	101	1	1	0
171101011	2019-03-26 22:33:25	101	1	1	0
161201010	2019-03-26 23:05:19	101	1	1	0
171101011	2019-03-27 07:26:10	101	1	1	0
161201010	2019-03-27 08:25:54	101	1	1	0
171101011	2019-03-27 22:44:31	101	1	1	0
180504013	2019-03-27 23:08:24	101	1	1	0
161201010	2019-03-27 23:40:55	101	1	1	0
171101011	2019-03-28 06:59:01	101	1	1	0
180504013	2019-03-28 07:01:28	101	1	1	0
161201010	2019-03-28 08:28:48	101	1	1	0
171101011	2019-03-28 21:36:41	101	1	1	0
180504013	2019-03-28 23:09:49	101	1	1	0
161201010	2019-03-28 23:22:59	101	1	1	0
171101011	2019-03-29 08:39:02	101	1	1	0
161201010	2019-03-29 09:13:10	101	1	1	0
180504013	2019-03-29 09:24:35	101	1	1	0
171101011	2019-03-29 21:58:09	101	1	1	0
180504013	2019-03-29 23:06:23	101	1	1	0
161201010	2019-03-29 23:36:40	101	1	1	0
171101011	2019-03-30 07:33:37	101	1	1	0
161201010	2019-03-30 09:08:32	101	1	1	0
180504013	2019-03-30 09:11:18	101	1	1	0
180504013	2019-03-31 23:21:43	101	1	1	0
161201010	2019-03-31 23:34:03	101	1	1	0
180504013	2019-04-01 08:37:12	101	1	1	0
171101011	2019-04-01 22:04:47	101	1	1	0
180504013	2019-04-01 23:15:44	101	1	1	0
161201010	2019-04-01 23:50:07	101	1	1	0
180504013	2019-04-02 07:14:06	101	1	1	0
171101011	2019-04-02 07:16:01	101	1	1	0
161201010	2019-04-02 07:20:53	101	1	1	0
171101011	2019-04-02 22:50:13	101	1	1	0
180504013	2019-04-02 23:08:27	101	1	1	0
161201010	2019-04-02 23:36:04	101	1	1	0
171101011	2019-04-03 22:50:01	101	1	1	0
180504013	2019-04-03 23:29:03	101	1	1	0
161201010	2019-04-03 23:40:34	101	1	1	0
180504013	2019-04-04 06:17:49	101	1	1	0
171101011	2019-04-04 06:49:42	101	1	1	0
161201010	2019-04-04 08:07:34	101	1	1	0
171101011	2019-04-04 21:46:38	101	1	1	0
180504013	2019-04-04 23:18:39	101	1	1	0
161201010	2019-04-04 23:33:40	101	1	1	0
161201010	2019-04-05 08:32:40	101	1	1	0
180504013	2019-04-05 09:11:35	101	1	1	0
180504013	2019-04-05 23:05:37	101	1	1	0
161201010	2019-04-05 23:42:34	101	1	1	0
171101011	2019-04-06 07:37:18	101	1	1	0
161201010	2019-04-06 08:09:30	101	1	1	0
180504013	2019-04-06 09:23:39	101	1	1	0
171101011	2019-04-07 22:01:41	101	1	1	0
161201010	2019-04-07 23:32:28	101	1	1	0
180504013	2019-04-08 05:40:33	101	1	1	0
171101011	2019-04-08 07:40:51	101	1	1	0
161201010	2019-04-08 07:43:25	101	1	1	0
171101011	2019-04-08 23:06:32	101	1	1	0
180504013	2019-04-09 00:09:10	101	1	1	0
161201010	2019-04-09 00:49:42	101	1	1	0
171101011	2019-04-09 05:19:22	101	1	1	0
180504013	2019-04-09 06:30:59	101	1	1	0
161201010	2019-04-09 08:10:23	101	1	1	0
171101011	2019-04-09 21:59:30	101	1	1	0
180504013	2019-04-09 23:23:23	101	1	1	0
161201010	2019-04-09 23:56:33	101	1	1	0
171101011	2019-04-10 08:48:37	101	1	1	0
180504013	2019-04-10 08:50:10	101	1	1	0
161201010	2019-04-10 08:54:46	101	1	1	0
180504013	2019-04-10 22:24:59	101	1	1	0
171101011	2019-04-10 22:39:42	101	1	1	0
161201010	2019-04-10 23:18:25	101	1	1	0
171101011	2019-04-11 06:08:39	101	1	1	0
180504013	2019-04-11 06:29:38	101	1	1	0
161201010	2019-04-11 08:37:35	101	1	1	0
171101011	2019-04-11 21:48:56	101	1	1	0
180504013	2019-04-11 22:55:16	101	1	1	0
161201010	2019-04-11 23:48:33	101	1	1	0
171101011	2019-04-12 07:14:54	101	1	1	0
161201010	2019-04-12 08:28:00	101	1	1	0
180504013	2019-04-12 09:04:06	101	1	1	0
171101011	2019-04-12 21:34:01	101	1	1	0
180504013	2019-04-12 23:30:10	101	1	1	0
161201010	2019-04-12 23:55:10	101	1	1	0
171101011	2019-04-13 01:42:44	101	1	1	0
180504013	2019-04-13 09:13:56	101	1	1	0
171101011	2019-04-14 22:08:42	101	1	1	0
180504013	2019-04-14 23:07:21	101	1	1	0
161201010	2019-04-15 00:46:49	101	1	1	0
171101011	2019-04-15 07:06:04	101	1	1	0
180504013	2019-04-15 08:36:25	101	1	1	0
161201010	2019-04-15 09:02:34	101	1	1	0
171101011	2019-04-15 22:26:24	101	1	1	0
180504013	2019-04-15 23:13:56	101	1	1	0
161201010	2019-04-15 23:39:26	101	1	1	0
171101011	2019-04-16 06:31:48	101	1	1	0
161201010	2019-04-16 08:23:38	101	1	1	0
171101011	2019-04-16 22:24:40	101	1	1	0
161201010	2019-04-16 23:12:39	101	1	1	0
180504013	2019-04-16 23:13:57	101	1	1	0
171101011	2019-04-17 07:20:22	101	1	1	0
161201010	2019-04-17 08:34:28	101	1	1	0
171101011	2019-04-17 22:51:50	101	1	1	0
180504013	2019-04-17 23:18:58	101	1	1	0
161201010	2019-04-17 23:33:07	101	1	1	0
171101011	2019-04-18 03:49:58	101	1	1	0
180504013	2019-04-18 06:54:24	101	1	1	0
161201010	2019-04-18 08:20:34	101	1	1	0
180504013	2019-04-18 23:25:54	101	1	1	0
161201010	2019-04-18 23:50:52	101	1	1	0
180504013	2019-04-19 07:38:29	101	1	1	0
161201010	2019-04-19 08:10:42	101	1	1	0
171101011	2019-04-19 22:00:02	101	1	1	0
180504013	2019-04-19 23:05:45	101	1	1	0
161201010	2019-04-19 23:26:54	101	1	1	0
180504013	2019-04-20 07:31:33	101	1	1	0
171101011	2019-04-20 07:37:57	101	1	1	0
161201010	2019-04-20 08:45:16	101	1	1	0
171101011	2019-04-22 22:37:30	101	1	1	0
180504013	2019-04-22 22:52:22	101	1	1	0
161201010	2019-04-22 23:33:58	101	1	1	0
180504013	2019-04-23 06:59:34	101	1	1	0
171101011	2019-04-23 07:29:24	101	1	1	0
161201010	2019-04-23 08:45:00	101	1	1	0
180504013	2019-04-23 23:20:30	101	1	1	0
161201010	2019-04-23 23:26:50	101	1	1	0
161201010	2019-04-24 08:37:40	101	1	1	0
180504013	2019-04-24 09:32:27	101	1	1	0
171101011	2019-04-24 22:27:32	101	1	1	0
180504013	2019-04-24 23:07:45	101	1	1	0
161201010	2019-04-24 23:34:52	101	1	1	0
180504013	2019-04-25 06:48:14	101	1	1	0
171101011	2019-04-25 07:31:38	101	1	1	0
161201010	2019-04-25 08:28:32	101	1	1	0
171101011	2019-04-25 21:36:23	101	1	1	0
180504013	2019-04-25 23:17:34	101	1	1	0
161201010	2019-04-25 23:29:19	101	1	1	0
171101011	2019-04-26 06:43:27	101	1	1	0
161201010	2019-04-26 08:28:44	101	1	1	0
180504013	2019-04-26 09:34:40	101	1	1	0
171101011	2019-04-26 21:52:42	101	1	1	0
180504013	2019-04-26 23:23:41	101	1	1	0
161201010	2019-04-27 01:31:07	101	1	1	0
171101011	2019-04-27 08:07:44	101	1	1	0
161201010	2019-04-27 08:43:42	101	1	1	0
171101011	2019-04-28 22:34:43	101	1	1	0
161201010	2019-04-28 23:44:54	101	1	1	0
161201010	2019-04-29 09:00:41	101	1	1	0
171101011	2019-04-29 22:51:59	101	1	1	0
180504013	2019-04-29 23:07:09	101	1	1	0
161201010	2019-04-29 23:30:38	101	1	1	0
180504013	2019-04-30 06:31:20	101	1	1	0
171101011	2019-04-30 07:07:14	101	1	1	0
161201010	2019-04-30 08:19:15	101	1	1	0
171101011	2019-04-30 23:11:24	101	1	1	0
180504013	2019-05-01 22:37:36	101	1	1	0
171101011	2019-05-01 22:40:57	101	1	1	0
161201010	2019-05-01 23:41:05	101	1	1	0
171101011	2019-05-02 04:00:41	101	1	1	0
180504013	2019-05-02 07:08:33	101	1	1	0
161201010	2019-05-02 09:29:18	101	1	1	0
171101011	2019-05-02 21:11:37	101	1	1	0
180504013	2019-05-02 22:21:53	101	1	1	0
161201010	2019-05-02 23:55:43	101	1	1	0
180504013	2019-05-03 04:49:22	101	1	1	0
180504013	2019-05-03 04:49:24	101	1	1	0
171101011	2019-05-03 05:10:08	101	1	1	0
161201010	2019-05-03 08:38:48	101	1	1	0
180504013	2019-05-03 08:52:07	101	1	1	0
        3	2019-05-03 08:55:29	101	1	1	0
171101011	2019-05-03 22:44:51	101	1	1	0
180504013	2019-05-03 22:48:29	101	1	1	0
161201010	2019-05-03 23:00:11	101	1	1	0
        3	2019-05-04 05:43:14	101	1	1	0
